21 0 27 216
21 1 27 243
21 2 27 270
21 3 27 297
21 4 27 324
21 5 27 351
21 6 54 162
21 7 54 189
21 8 54 216
21 9 54 243
21 10 54 270
21 11 54 297
21 12 54 324
21 13 54 351
21 14 54 378
21 15 54 405
21 16 81 135
21 17 81 162
21 18 81 189
21 19 81 216
21 20 81 243
21 21 81 270
21 22 81 297
21 23 81 324
21 24 81 351
21 25 81 378
21 26 81 405
21 27 81 432
21 28 108 108
21 29 108 135
21 30 108 162
21 31 108 189
21 32 108 216
21 33 108 243
21 34 108 270
21 35 108 297
21 36 108 324
21 37 108 351
21 38 108 378
21 39 108 405
21 40 108 432
21 41 108 459
21 42 135 81
21 43 135 108
21 44 135 135
21 45 135 162
21 46 135 189
21 47 135 216
21 48 135 243
21 49 135 270
21 50 135 297
21 51 135 324
21 52 135 351
21 53 135 378
21 54 135 405
21 55 135 432
21 56 135 459
21 57 135 486
21 58 162 81
21 59 162 108
21 60 162 135
21 61 162 162
21 62 162 189
21 63 162 216
21 64 162 243
21 65 162 270
21 66 162 297
21 67 162 324
21 68 162 351
21 69 162 378
21 70 162 405
21 71 162 432
21 72 162 459
21 73 162 486
21 74 162 513
21 75 189 54
21 76 189 81
21 77 189 108
21 78 189 135
21 79 189 162
21 80 189 189
21 81 189 216
21 82 189 243
21 83 189 270
21 84 189 297
21 85 189 324
21 86 189 351
21 87 189 378
21 88 189 405
21 89 189 432
21 90 189 459
21 91 189 486
21 92 189 513
21 93 216 54
21 94 216 81
21 95 216 108
21 96 216 135
21 97 216 162
21 98 216 189
21 99 216 216
21 100 216 243
21 101 216 270
21 102 216 297
21 103 216 324
21 104 216 351
21 105 216 378
21 106 216 405
21 107 216 432
21 108 216 459
21 109 216 486
21 110 216 513
21 111 243 54
21 112 243 81
21 113 243 108
21 114 243 135
21 115 243 162
21 116 243 189
21 117 243 216
21 118 243 243
21 119 243 270
21 120 243 297
21 121 243 324
21 122 243 351
21 123 243 378
21 124 243 405
21 125 243 432
21 126 243 459
21 127 243 486
21 128 243 513
21 129 270 54
21 130 270 81
21 131 270 108
21 132 270 135
21 133 270 162
21 134 270 189
21 135 270 216
21 136 270 243
21 137 270 270
21 138 270 297
21 139 270 324
21 140 270 351
21 141 270 378
21 142 270 405
21 143 270 432
21 144 270 459
21 145 270 486
21 146 270 513
21 147 297 54
21 148 297 81
21 149 297 108
21 150 297 135
21 151 297 162
21 152 297 189
21 153 297 216
21 154 297 243
21 155 297 270
21 156 297 297
21 157 297 324
21 158 297 351
21 159 297 378
21 160 297 405
21 161 297 432
21 162 297 459
21 163 297 486
21 164 297 513
21 165 324 54
21 166 324 81
21 167 324 108
21 168 324 135
21 169 324 162
21 170 324 189
21 171 324 216
21 172 324 243
21 173 324 270
21 174 324 297
21 175 324 324
21 176 324 351
21 177 324 378
21 178 324 405
21 179 324 432
21 180 324 459
21 181 324 486
21 182 324 513
21 183 351 54
21 184 351 81
21 185 351 108
21 186 351 135
21 187 351 162
21 188 351 189
21 189 351 216
21 190 351 243
21 191 351 270
21 192 351 297
21 193 351 324
21 194 351 351
21 195 351 378
21 196 351 405
21 197 351 432
21 198 351 459
21 199 351 486
21 200 351 513
21 201 378 81
21 202 378 108
21 203 378 135
21 204 378 162
21 205 378 189
21 206 378 216
21 207 378 243
21 208 378 270
21 209 378 297
21 210 378 324
21 211 378 351
21 212 378 378
21 213 378 405
21 214 378 432
21 215 378 459
21 216 378 486
21 217 405 81
21 218 405 108
21 219 405 135
21 220 405 162
21 221 405 189
21 222 405 216
21 223 405 243
21 224 405 270
21 225 405 297
21 226 405 324
21 227 405 351
21 228 405 378
21 229 405 405
21 230 405 432
21 231 405 459
21 232 405 486
21 233 432 108
21 234 432 135
21 235 432 162
21 236 432 189
21 237 432 216
21 238 432 243
21 239 432 270
21 240 432 297
21 241 432 324
21 242 432 351
21 243 432 378
21 244 432 405
21 245 432 432
21 246 432 459
21 247 459 135
21 248 459 162
21 249 459 189
21 250 459 216
21 251 459 243
21 252 459 270
21 253 459 297
21 254 459 324
21 255 459 351
21 256 459 378
21 257 459 405
21 258 459 432
21 259 486 189
21 260 486 216
21 261 486 243
21 262 486 270
21 263 486 297
21 264 486 324
21 265 486 351
21 266 486 378
21 267 513 243
21 268 513 270
21 269 513 297
21 270 513 324
22 0 27 216
22 1 27 243
22 2 27 270
22 3 27 297
22 4 27 324
22 5 27 351
22 6 54 162
22 7 54 189
22 8 54 216
22 9 54 243
22 10 54 270
22 11 54 297
22 12 54 324
22 13 54 351
22 14 54 378
22 15 54 405
22 16 81 135
22 17 81 162
22 18 81 189
22 19 81 216
22 20 81 243
22 21 81 270
22 22 81 297
22 23 81 324
22 24 81 351
22 25 81 378
22 26 81 405
22 27 81 432
22 28 108 108
22 29 108 135
22 30 108 162
22 31 108 189
22 32 108 216
22 33 108 243
22 34 108 270
22 35 108 297
22 36 108 324
22 37 108 351
22 38 108 378
22 39 108 405
22 40 108 432
22 41 108 459
22 42 135 81
22 43 135 108
22 44 135 135
22 45 135 162
22 46 135 189
22 47 135 216
22 48 135 243
22 49 135 270
22 50 135 297
22 51 135 324
22 52 135 351
22 53 135 378
22 54 135 405
22 55 135 432
22 56 135 459
22 57 135 486
22 58 162 81
22 59 162 108
22 60 162 135
22 61 162 162
22 62 162 189
22 63 162 216
22 64 162 243
22 65 162 270
22 66 162 297
22 67 162 324
22 68 162 351
22 69 162 378
22 70 162 405
22 71 162 432
22 72 162 459
22 73 162 486
22 74 189 54
22 75 189 81
22 76 189 108
22 77 189 135
22 78 189 162
22 79 189 189
22 80 189 216
22 81 189 243
22 82 189 270
22 83 189 297
22 84 189 324
22 85 189 351
22 86 189 378
22 87 189 405
22 88 189 432
22 89 189 459
22 90 189 486
22 91 189 513
22 92 216 54
22 93 216 81
22 94 216 108
22 95 216 135
22 96 216 162
22 97 216 189
22 98 216 216
22 99 216 243
22 100 216 270
22 101 216 297
22 102 216 324
22 103 216 351
22 104 216 378
22 105 216 405
22 106 216 432
22 107 216 459
22 108 216 486
22 109 216 513
22 110 243 54
22 111 243 81
22 112 243 108
22 113 243 135
22 114 243 162
22 115 243 189
22 116 243 216
22 117 243 243
22 118 243 270
22 119 243 297
22 120 243 324
22 121 243 351
22 122 243 378
22 123 243 405
22 124 243 432
22 125 243 459
22 126 243 486
22 127 243 513
22 128 270 54
22 129 270 81
22 130 270 108
22 131 270 135
22 132 270 162
22 133 270 189
22 134 270 216
22 135 270 243
22 136 270 270
22 137 270 297
22 138 270 324
22 139 270 351
22 140 270 378
22 141 270 405
22 142 270 432
22 143 270 459
22 144 270 486
22 145 270 513
22 146 270 540
22 147 297 54
22 148 297 81
22 149 297 108
22 150 297 135
22 151 297 162
22 152 297 189
22 153 297 216
22 154 297 243
22 155 297 270
22 156 297 297
22 157 297 324
22 158 297 351
22 159 297 378
22 160 297 405
22 161 297 432
22 162 297 459
22 163 297 486
22 164 297 513
22 165 324 54
22 166 324 81
22 167 324 108
22 168 324 135
22 169 324 162
22 170 324 189
22 171 324 216
22 172 324 243
22 173 324 270
22 174 324 297
22 175 324 324
22 176 324 351
22 177 324 378
22 178 324 405
22 179 324 432
22 180 324 459
22 181 324 486
22 182 324 513
22 183 351 54
22 184 351 81
22 185 351 108
22 186 351 135
22 187 351 162
22 188 351 189
22 189 351 216
22 190 351 243
22 191 351 270
22 192 351 297
22 193 351 324
22 194 351 351
22 195 351 378
22 196 351 405
22 197 351 432
22 198 351 459
22 199 351 486
22 200 351 513
22 201 378 81
22 202 378 108
22 203 378 135
22 204 378 162
22 205 378 189
22 206 378 216
22 207 378 243
22 208 378 270
22 209 378 297
22 210 378 324
22 211 378 351
22 212 378 378
22 213 378 405
22 214 378 432
22 215 378 459
22 216 378 486
22 217 405 81
22 218 405 108
22 219 405 135
22 220 405 162
22 221 405 189
22 222 405 216
22 223 405 243
22 224 405 270
22 225 405 297
22 226 405 324
22 227 405 351
22 228 405 378
22 229 405 405
22 230 405 432
22 231 405 459
22 232 405 486
22 233 432 108
22 234 432 135
22 235 432 162
22 236 432 189
22 237 432 216
22 238 432 243
22 239 432 270
22 240 432 297
22 241 432 324
22 242 432 351
22 243 432 378
22 244 432 405
22 245 432 432
22 246 432 459
22 247 459 135
22 248 459 162
22 249 459 189
22 250 459 216
22 251 459 243
22 252 459 270
22 253 459 297
22 254 459 324
22 255 459 351
22 256 459 378
22 257 459 405
22 258 459 432
22 259 486 162
22 260 486 189
22 261 486 216
22 262 486 243
22 263 486 270
22 264 486 297
22 265 486 324
22 266 486 351
22 267 486 378
22 268 486 405
22 269 513 216
22 270 513 243
22 271 513 270
22 272 513 297
22 273 513 324
22 274 513 351
23 0 27 216
23 1 27 243
23 2 27 270
23 3 27 297
23 4 27 324
23 5 27 351
23 6 54 162
23 7 54 189
23 8 54 216
23 9 54 243
23 10 54 270
23 11 54 297
23 12 54 324
23 13 54 351
23 14 54 378
23 15 54 405
23 16 81 135
23 17 81 162
23 18 81 189
23 19 81 216
23 20 81 243
23 21 81 270
23 22 81 297
23 23 81 324
23 24 81 351
23 25 81 378
23 26 81 405
23 27 81 432
23 28 108 108
23 29 108 135
23 30 108 162
23 31 108 189
23 32 108 216
23 33 108 243
23 34 108 270
23 35 108 297
23 36 108 324
23 37 108 351
23 38 108 378
23 39 108 405
23 40 108 432
23 41 108 459
23 42 135 81
23 43 135 108
23 44 135 135
23 45 135 162
23 46 135 189
23 47 135 216
23 48 135 243
23 49 135 270
23 50 135 297
23 51 135 324
23 52 135 351
23 53 135 378
23 54 135 405
23 55 135 432
23 56 135 459
23 57 135 486
23 58 162 81
23 59 162 108
23 60 162 135
23 61 162 162
23 62 162 189
23 63 162 216
23 64 162 243
23 65 162 270
23 66 162 297
23 67 162 324
23 68 162 351
23 69 162 378
23 70 162 405
23 71 162 432
23 72 162 459
23 73 162 486
23 74 189 54
23 75 189 81
23 76 189 108
23 77 189 135
23 78 189 162
23 79 189 189
23 80 189 216
23 81 189 243
23 82 189 270
23 83 189 297
23 84 189 324
23 85 189 351
23 86 189 378
23 87 189 405
23 88 189 432
23 89 189 459
23 90 189 486
23 91 189 513
23 92 216 54
23 93 216 81
23 94 216 108
23 95 216 135
23 96 216 162
23 97 216 189
23 98 216 216
23 99 216 243
23 100 216 270
23 101 216 297
23 102 216 324
23 103 216 351
23 104 216 378
23 105 216 405
23 106 216 432
23 107 216 459
23 108 216 486
23 109 216 513
23 110 243 54
23 111 243 81
23 112 243 108
23 113 243 135
23 114 243 162
23 115 243 189
23 116 243 216
23 117 243 243
23 118 243 270
23 119 243 297
23 120 243 324
23 121 243 351
23 122 243 378
23 123 243 405
23 124 243 432
23 125 243 459
23 126 243 486
23 127 243 513
23 128 270 54
23 129 270 81
23 130 270 108
23 131 270 135
23 132 270 162
23 133 270 189
23 134 270 216
23 135 270 243
23 136 270 270
23 137 270 297
23 138 270 324
23 139 270 351
23 140 270 378
23 141 270 405
23 142 270 432
23 143 270 459
23 144 270 486
23 145 270 513
23 146 297 54
23 147 297 81
23 148 297 108
23 149 297 135
23 150 297 162
23 151 297 189
23 152 297 216
23 153 297 243
23 154 297 270
23 155 297 297
23 156 297 324
23 157 297 351
23 158 297 378
23 159 297 405
23 160 297 432
23 161 297 459
23 162 297 486
23 163 297 513
23 164 324 54
23 165 324 81
23 166 324 108
23 167 324 135
23 168 324 162
23 169 324 189
23 170 324 216
23 171 324 243
23 172 324 270
23 173 324 297
23 174 324 324
23 175 324 351
23 176 324 378
23 177 324 405
23 178 324 432
23 179 324 459
23 180 324 486
23 181 324 513
23 182 351 54
23 183 351 81
23 184 351 108
23 185 351 135
23 186 351 162
23 187 351 189
23 188 351 216
23 189 351 243
23 190 351 270
23 191 351 297
23 192 351 324
23 193 351 351
23 194 351 378
23 195 351 405
23 196 351 432
23 197 351 459
23 198 351 486
23 199 351 513
23 200 378 81
23 201 378 108
23 202 378 135
23 203 378 162
23 204 378 189
23 205 378 216
23 206 378 243
23 207 378 270
23 208 378 297
23 209 378 324
23 210 378 351
23 211 378 378
23 212 378 405
23 213 378 432
23 214 378 459
23 215 378 486
23 216 405 81
23 217 405 108
23 218 405 135
23 219 405 162
23 220 405 189
23 221 405 216
23 222 405 243
23 223 405 270
23 224 405 297
23 225 405 324
23 226 405 351
23 227 405 378
23 228 405 405
23 229 405 432
23 230 405 459
23 231 405 486
23 232 432 108
23 233 432 135
23 234 432 162
23 235 432 189
23 236 432 216
23 237 432 243
23 238 432 270
23 239 432 297
23 240 432 324
23 241 432 351
23 242 432 378
23 243 432 405
23 244 432 432
23 245 432 459
23 246 459 135
23 247 459 162
23 248 459 189
23 249 459 216
23 250 459 243
23 251 459 270
23 252 459 297
23 253 459 324
23 254 459 351
23 255 459 378
23 256 459 405
23 257 459 432
23 258 486 162
23 259 486 189
23 260 486 216
23 261 486 243
23 262 486 270
23 263 486 297
23 264 486 324
23 265 486 351
23 266 486 378
23 267 486 405
23 268 513 216
23 269 513 243
23 270 513 270
23 271 513 297
23 272 513 324
23 273 513 351
24 0 27 216
24 1 27 243
24 2 27 270
24 3 27 297
24 4 27 324
24 5 27 351
24 6 27 378
24 7 54 162
24 8 54 189
24 9 54 216
24 10 54 243
24 11 54 270
24 12 54 297
24 13 54 324
24 14 54 351
24 15 54 378
24 16 54 405
24 17 81 135
24 18 81 162
24 19 81 189
24 20 81 216
24 21 81 243
24 22 81 270
24 23 81 297
24 24 81 324
24 25 81 351
24 26 81 378
24 27 81 405
24 28 81 432
24 29 108 108
24 30 108 135
24 31 108 162
24 32 108 189
24 33 108 216
24 34 108 243
24 35 108 270
24 36 108 297
24 37 108 324
24 38 108 351
24 39 108 378
24 40 108 405
24 41 108 432
24 42 108 459
24 43 135 81
24 44 135 108
24 45 135 135
24 46 135 162
24 47 135 189
24 48 135 216
24 49 135 243
24 50 135 270
24 51 135 297
24 52 135 324
24 53 135 351
24 54 135 378
24 55 135 405
24 56 135 432
24 57 135 459
24 58 135 486
24 59 162 54
24 60 162 81
24 61 162 108
24 62 162 135
24 63 162 162
24 64 162 189
24 65 162 216
24 66 162 243
24 67 162 270
24 68 162 297
24 69 162 324
24 70 162 351
24 71 162 378
24 72 162 405
24 73 162 432
24 74 162 459
24 75 162 486
24 76 162 513
24 77 189 54
24 78 189 81
24 79 189 108
24 80 189 135
24 81 189 162
24 82 189 189
24 83 189 216
24 84 189 243
24 85 189 270
24 86 189 297
24 87 189 324
24 88 189 351
24 89 189 378
24 90 189 405
24 91 189 432
24 92 189 459
24 93 189 486
24 94 189 513
24 95 216 54
24 96 216 81
24 97 216 108
24 98 216 135
24 99 216 162
24 100 216 189
24 101 216 216
24 102 216 243
24 103 216 270
24 104 216 297
24 105 216 324
24 106 216 351
24 107 216 378
24 108 216 405
24 109 216 432
24 110 216 459
24 111 216 486
24 112 216 513
24 113 243 54
24 114 243 81
24 115 243 108
24 116 243 135
24 117 243 162
24 118 243 189
24 119 243 216
24 120 243 243
24 121 243 270
24 122 243 297
24 123 243 324
24 124 243 351
24 125 243 378
24 126 243 405
24 127 243 432
24 128 243 459
24 129 243 486
24 130 243 513
24 131 270 54
24 132 270 81
24 133 270 108
24 134 270 135
24 135 270 162
24 136 270 189
24 137 270 216
24 138 270 243
24 139 270 270
24 140 270 297
24 141 270 324
24 142 270 351
24 143 270 378
24 144 270 405
24 145 270 432
24 146 270 459
24 147 270 486
24 148 270 513
24 149 297 54
24 150 297 81
24 151 297 108
24 152 297 135
24 153 297 162
24 154 297 189
24 155 297 216
24 156 297 243
24 157 297 270
24 158 297 297
24 159 297 324
24 160 297 351
24 161 297 378
24 162 297 405
24 163 297 432
24 164 297 459
24 165 297 486
24 166 297 513
24 167 324 54
24 168 324 81
24 169 324 108
24 170 324 135
24 171 324 162
24 172 324 189
24 173 324 216
24 174 324 243
24 175 324 270
24 176 324 297
24 177 324 324
24 178 324 351
24 179 324 378
24 180 324 405
24 181 324 432
24 182 324 459
24 183 324 486
24 184 324 513
24 185 351 54
24 186 351 81
24 187 351 108
24 188 351 135
24 189 351 162
24 190 351 189
24 191 351 216
24 192 351 243
24 193 351 270
24 194 351 297
24 195 351 324
24 196 351 351
24 197 351 378
24 198 351 405
24 199 351 432
24 200 351 459
24 201 351 486
24 202 351 513
24 203 378 81
24 204 378 108
24 205 378 135
24 206 378 162
24 207 378 189
24 208 378 216
24 209 378 243
24 210 378 270
24 211 378 297
24 212 378 324
24 213 378 351
24 214 378 378
24 215 378 405
24 216 378 432
24 217 378 459
24 218 378 486
24 219 405 81
24 220 405 108
24 221 405 135
24 222 405 162
24 223 405 189
24 224 405 216
24 225 405 243
24 226 405 270
24 227 405 297
24 228 405 324
24 229 405 351
24 230 405 378
24 231 405 405
24 232 405 432
24 233 405 459
24 234 405 486
24 235 432 108
24 236 432 135
24 237 432 162
24 238 432 189
24 239 432 216
24 240 432 243
24 241 432 270
24 242 432 297
24 243 432 324
24 244 432 351
24 245 432 378
24 246 432 405
24 247 432 432
24 248 432 459
24 249 459 135
24 250 459 162
24 251 459 189
24 252 459 216
24 253 459 243
24 254 459 270
24 255 459 297
24 256 459 324
24 257 459 351
24 258 459 378
24 259 459 405
24 260 459 432
24 261 486 189
24 262 486 216
24 263 486 243
24 264 486 270
24 265 486 297
24 266 486 324
24 267 486 351
24 268 486 378
24 269 513 243
24 270 513 270
24 271 513 297
24 272 513 324
25 0 27 216
25 1 27 243
25 2 27 270
25 3 27 297
25 4 27 324
25 5 27 351
25 6 54 162
25 7 54 189
25 8 54 216
25 9 54 243
25 10 54 270
25 11 54 297
25 12 54 324
25 13 54 351
25 14 54 378
25 15 54 405
25 16 81 135
25 17 81 162
25 18 81 189
25 19 81 216
25 20 81 243
25 21 81 270
25 22 81 297
25 23 81 324
25 24 81 351
25 25 81 378
25 26 81 405
25 27 81 432
25 28 108 108
25 29 108 135
25 30 108 162
25 31 108 189
25 32 108 216
25 33 108 243
25 34 108 270
25 35 108 297
25 36 108 324
25 37 108 351
25 38 108 378
25 39 108 405
25 40 108 432
25 41 108 459
25 42 135 81
25 43 135 108
25 44 135 135
25 45 135 162
25 46 135 189
25 47 135 216
25 48 135 243
25 49 135 270
25 50 135 297
25 51 135 324
25 52 135 351
25 53 135 378
25 54 135 405
25 55 135 432
25 56 135 459
25 57 135 486
25 58 162 81
25 59 162 108
25 60 162 135
25 61 162 162
25 62 162 189
25 63 162 216
25 64 162 243
25 65 162 270
25 66 162 297
25 67 162 324
25 68 162 351
25 69 162 378
25 70 162 405
25 71 162 432
25 72 162 459
25 73 162 486
25 74 162 513
25 75 189 54
25 76 189 81
25 77 189 108
25 78 189 135
25 79 189 162
25 80 189 189
25 81 189 216
25 82 189 243
25 83 189 270
25 84 189 297
25 85 189 324
25 86 189 351
25 87 189 378
25 88 189 405
25 89 189 432
25 90 189 459
25 91 189 486
25 92 189 513
25 93 216 54
25 94 216 81
25 95 216 108
25 96 216 135
25 97 216 162
25 98 216 189
25 99 216 216
25 100 216 243
25 101 216 270
25 102 216 297
25 103 216 324
25 104 216 351
25 105 216 378
25 106 216 405
25 107 216 432
25 108 216 459
25 109 216 486
25 110 216 513
25 111 243 54
25 112 243 81
25 113 243 108
25 114 243 135
25 115 243 162
25 116 243 189
25 117 243 216
25 118 243 243
25 119 243 270
25 120 243 297
25 121 243 324
25 122 243 351
25 123 243 378
25 124 243 405
25 125 243 432
25 126 243 459
25 127 243 486
25 128 243 513
25 129 270 54
25 130 270 81
25 131 270 108
25 132 270 135
25 133 270 162
25 134 270 189
25 135 270 216
25 136 270 243
25 137 270 270
25 138 270 297
25 139 270 324
25 140 270 351
25 141 270 378
25 142 270 405
25 143 270 432
25 144 270 459
25 145 270 486
25 146 270 513
25 147 270 540
25 148 297 54
25 149 297 81
25 150 297 108
25 151 297 135
25 152 297 162
25 153 297 189
25 154 297 216
25 155 297 243
25 156 297 270
25 157 297 297
25 158 297 324
25 159 297 351
25 160 297 378
25 161 297 405
25 162 297 432
25 163 297 459
25 164 297 486
25 165 297 513
25 166 324 54
25 167 324 81
25 168 324 108
25 169 324 135
25 170 324 162
25 171 324 189
25 172 324 216
25 173 324 243
25 174 324 270
25 175 324 297
25 176 324 324
25 177 324 351
25 178 324 378
25 179 324 405
25 180 324 432
25 181 324 459
25 182 324 486
25 183 324 513
25 184 351 54
25 185 351 81
25 186 351 108
25 187 351 135
25 188 351 162
25 189 351 189
25 190 351 216
25 191 351 243
25 192 351 270
25 193 351 297
25 194 351 324
25 195 351 351
25 196 351 378
25 197 351 405
25 198 351 432
25 199 351 459
25 200 351 486
25 201 351 513
25 202 378 81
25 203 378 108
25 204 378 135
25 205 378 162
25 206 378 189
25 207 378 216
25 208 378 243
25 209 378 270
25 210 378 297
25 211 378 324
25 212 378 351
25 213 378 378
25 214 378 405
25 215 378 432
25 216 378 459
25 217 378 486
25 218 405 81
25 219 405 108
25 220 405 135
25 221 405 162
25 222 405 189
25 223 405 216
25 224 405 243
25 225 405 270
25 226 405 297
25 227 405 324
25 228 405 351
25 229 405 378
25 230 405 405
25 231 405 432
25 232 405 459
25 233 405 486
25 234 432 108
25 235 432 135
25 236 432 162
25 237 432 189
25 238 432 216
25 239 432 243
25 240 432 270
25 241 432 297
25 242 432 324
25 243 432 351
25 244 432 378
25 245 432 405
25 246 432 432
25 247 432 459
25 248 459 135
25 249 459 162
25 250 459 189
25 251 459 216
25 252 459 243
25 253 459 270
25 254 459 297
25 255 459 324
25 256 459 351
25 257 459 378
25 258 459 405
25 259 459 432
25 260 486 189
25 261 486 216
25 262 486 243
25 263 486 270
25 264 486 297
25 265 486 324
25 266 486 351
25 267 486 378
25 268 486 405
25 269 513 243
25 270 513 270
25 271 513 297
25 272 513 324
26 0 27 216
26 1 27 243
26 2 27 270
26 3 27 297
26 4 27 324
26 5 27 351
26 6 54 162
26 7 54 189
26 8 54 216
26 9 54 243
26 10 54 270
26 11 54 297
26 12 54 324
26 13 54 351
26 14 54 378
26 15 54 405
26 16 81 135
26 17 81 162
26 18 81 189
26 19 81 216
26 20 81 243
26 21 81 270
26 22 81 297
26 23 81 324
26 24 81 351
26 25 81 378
26 26 81 405
26 27 81 432
26 28 108 108
26 29 108 135
26 30 108 162
26 31 108 189
26 32 108 216
26 33 108 243
26 34 108 270
26 35 108 297
26 36 108 324
26 37 108 351
26 38 108 378
26 39 108 405
26 40 108 432
26 41 108 459
26 42 135 81
26 43 135 108
26 44 135 135
26 45 135 162
26 46 135 189
26 47 135 216
26 48 135 243
26 49 135 270
26 50 135 297
26 51 135 324
26 52 135 351
26 53 135 378
26 54 135 405
26 55 135 432
26 56 135 459
26 57 135 486
26 58 162 81
26 59 162 108
26 60 162 135
26 61 162 162
26 62 162 189
26 63 162 216
26 64 162 243
26 65 162 270
26 66 162 297
26 67 162 324
26 68 162 351
26 69 162 378
26 70 162 405
26 71 162 432
26 72 162 459
26 73 162 486
26 74 162 513
26 75 189 54
26 76 189 81
26 77 189 108
26 78 189 135
26 79 189 162
26 80 189 189
26 81 189 216
26 82 189 243
26 83 189 270
26 84 189 297
26 85 189 324
26 86 189 351
26 87 189 378
26 88 189 405
26 89 189 432
26 90 189 459
26 91 189 486
26 92 189 513
26 93 216 54
26 94 216 81
26 95 216 108
26 96 216 135
26 97 216 162
26 98 216 189
26 99 216 216
26 100 216 243
26 101 216 270
26 102 216 297
26 103 216 324
26 104 216 351
26 105 216 378
26 106 216 405
26 107 216 432
26 108 216 459
26 109 216 486
26 110 216 513
26 111 243 54
26 112 243 81
26 113 243 108
26 114 243 135
26 115 243 162
26 116 243 189
26 117 243 216
26 118 243 243
26 119 243 270
26 120 243 297
26 121 243 324
26 122 243 351
26 123 243 378
26 124 243 405
26 125 243 432
26 126 243 459
26 127 243 486
26 128 243 513
26 129 270 54
26 130 270 81
26 131 270 108
26 132 270 135
26 133 270 162
26 134 270 189
26 135 270 216
26 136 270 243
26 137 270 270
26 138 270 297
26 139 270 324
26 140 270 351
26 141 270 378
26 142 270 405
26 143 270 432
26 144 270 459
26 145 270 486
26 146 270 513
26 147 270 540
26 148 297 54
26 149 297 81
26 150 297 108
26 151 297 135
26 152 297 162
26 153 297 189
26 154 297 216
26 155 297 243
26 156 297 270
26 157 297 297
26 158 297 324
26 159 297 351
26 160 297 378
26 161 297 405
26 162 297 432
26 163 297 459
26 164 297 486
26 165 297 513
26 166 324 54
26 167 324 81
26 168 324 108
26 169 324 135
26 170 324 162
26 171 324 189
26 172 324 216
26 173 324 243
26 174 324 270
26 175 324 297
26 176 324 324
26 177 324 351
26 178 324 378
26 179 324 405
26 180 324 432
26 181 324 459
26 182 324 486
26 183 324 513
26 184 351 54
26 185 351 81
26 186 351 108
26 187 351 135
26 188 351 162
26 189 351 189
26 190 351 216
26 191 351 243
26 192 351 270
26 193 351 297
26 194 351 324
26 195 351 351
26 196 351 378
26 197 351 405
26 198 351 432
26 199 351 459
26 200 351 486
26 201 351 513
26 202 378 81
26 203 378 108
26 204 378 135
26 205 378 162
26 206 378 189
26 207 378 216
26 208 378 243
26 209 378 270
26 210 378 297
26 211 378 324
26 212 378 351
26 213 378 378
26 214 378 405
26 215 378 432
26 216 378 459
26 217 378 486
26 218 405 81
26 219 405 108
26 220 405 135
26 221 405 162
26 222 405 189
26 223 405 216
26 224 405 243
26 225 405 270
26 226 405 297
26 227 405 324
26 228 405 351
26 229 405 378
26 230 405 405
26 231 405 432
26 232 405 459
26 233 405 486
26 234 432 108
26 235 432 135
26 236 432 162
26 237 432 189
26 238 432 216
26 239 432 243
26 240 432 270
26 241 432 297
26 242 432 324
26 243 432 351
26 244 432 378
26 245 432 405
26 246 432 432
26 247 432 459
26 248 459 135
26 249 459 162
26 250 459 189
26 251 459 216
26 252 459 243
26 253 459 270
26 254 459 297
26 255 459 324
26 256 459 351
26 257 459 378
26 258 459 405
26 259 459 432
26 260 486 189
26 261 486 216
26 262 486 243
26 263 486 270
26 264 486 297
26 265 486 324
26 266 486 351
26 267 486 378
26 268 513 243
26 269 513 270
26 270 513 297
26 271 513 324
27 0 27 216
27 1 27 243
27 2 27 270
27 3 27 297
27 4 27 324
27 5 27 351
27 6 54 162
27 7 54 189
27 8 54 216
27 9 54 243
27 10 54 270
27 11 54 297
27 12 54 324
27 13 54 351
27 14 54 378
27 15 54 405
27 16 81 135
27 17 81 162
27 18 81 189
27 19 81 216
27 20 81 243
27 21 81 270
27 22 81 297
27 23 81 324
27 24 81 351
27 25 81 378
27 26 81 405
27 27 81 432
27 28 108 108
27 29 108 135
27 30 108 162
27 31 108 189
27 32 108 216
27 33 108 243
27 34 108 270
27 35 108 297
27 36 108 324
27 37 108 351
27 38 108 378
27 39 108 405
27 40 108 432
27 41 108 459
27 42 135 81
27 43 135 108
27 44 135 135
27 45 135 162
27 46 135 189
27 47 135 216
27 48 135 243
27 49 135 270
27 50 135 297
27 51 135 324
27 52 135 351
27 53 135 378
27 54 135 405
27 55 135 432
27 56 135 459
27 57 135 486
27 58 162 54
27 59 162 81
27 60 162 108
27 61 162 135
27 62 162 162
27 63 162 189
27 64 162 216
27 65 162 243
27 66 162 270
27 67 162 297
27 68 162 324
27 69 162 351
27 70 162 378
27 71 162 405
27 72 162 432
27 73 162 459
27 74 162 486
27 75 162 513
27 76 189 54
27 77 189 81
27 78 189 108
27 79 189 135
27 80 189 162
27 81 189 189
27 82 189 216
27 83 189 243
27 84 189 270
27 85 189 297
27 86 189 324
27 87 189 351
27 88 189 378
27 89 189 405
27 90 189 432
27 91 189 459
27 92 189 486
27 93 189 513
27 94 216 54
27 95 216 81
27 96 216 108
27 97 216 135
27 98 216 162
27 99 216 189
27 100 216 216
27 101 216 243
27 102 216 270
27 103 216 297
27 104 216 324
27 105 216 351
27 106 216 378
27 107 216 405
27 108 216 432
27 109 216 459
27 110 216 486
27 111 216 513
27 112 243 54
27 113 243 81
27 114 243 108
27 115 243 135
27 116 243 162
27 117 243 189
27 118 243 216
27 119 243 243
27 120 243 270
27 121 243 297
27 122 243 324
27 123 243 351
27 124 243 378
27 125 243 405
27 126 243 432
27 127 243 459
27 128 243 486
27 129 243 513
27 130 270 54
27 131 270 81
27 132 270 108
27 133 270 135
27 134 270 162
27 135 270 189
27 136 270 216
27 137 270 243
27 138 270 270
27 139 270 297
27 140 270 324
27 141 270 351
27 142 270 378
27 143 270 405
27 144 270 432
27 145 270 459
27 146 270 486
27 147 270 513
27 148 297 54
27 149 297 81
27 150 297 108
27 151 297 135
27 152 297 162
27 153 297 189
27 154 297 216
27 155 297 243
27 156 297 270
27 157 297 297
27 158 297 324
27 159 297 351
27 160 297 378
27 161 297 405
27 162 297 432
27 163 297 459
27 164 297 486
27 165 297 513
27 166 324 54
27 167 324 81
27 168 324 108
27 169 324 135
27 170 324 162
27 171 324 189
27 172 324 216
27 173 324 243
27 174 324 270
27 175 324 297
27 176 324 324
27 177 324 351
27 178 324 378
27 179 324 405
27 180 324 432
27 181 324 459
27 182 324 486
27 183 324 513
27 184 351 54
27 185 351 81
27 186 351 108
27 187 351 135
27 188 351 162
27 189 351 189
27 190 351 216
27 191 351 243
27 192 351 270
27 193 351 297
27 194 351 324
27 195 351 351
27 196 351 378
27 197 351 405
27 198 351 432
27 199 351 459
27 200 351 486
27 201 351 513
27 202 378 81
27 203 378 108
27 204 378 135
27 205 378 162
27 206 378 189
27 207 378 216
27 208 378 243
27 209 378 270
27 210 378 297
27 211 378 324
27 212 378 351
27 213 378 378
27 214 378 405
27 215 378 432
27 216 378 459
27 217 378 486
27 218 405 81
27 219 405 108
27 220 405 135
27 221 405 162
27 222 405 189
27 223 405 216
27 224 405 243
27 225 405 270
27 226 405 297
27 227 405 324
27 228 405 351
27 229 405 378
27 230 405 405
27 231 405 432
27 232 405 459
27 233 405 486
27 234 432 108
27 235 432 135
27 236 432 162
27 237 432 189
27 238 432 216
27 239 432 243
27 240 432 270
27 241 432 297
27 242 432 324
27 243 432 351
27 244 432 378
27 245 432 405
27 246 432 432
27 247 432 459
27 248 459 135
27 249 459 162
27 250 459 189
27 251 459 216
27 252 459 243
27 253 459 270
27 254 459 297
27 255 459 324
27 256 459 351
27 257 459 378
27 258 459 405
27 259 459 432
27 260 486 189
27 261 486 216
27 262 486 243
27 263 486 270
27 264 486 297
27 265 486 324
27 266 486 351
27 267 486 378
27 268 513 243
27 269 513 270
27 270 513 297
27 271 513 324
28 0 27 243
28 1 27 270
28 2 27 297
28 3 27 324
28 4 54 189
28 5 54 216
28 6 54 243
28 7 54 270
28 8 54 297
28 9 54 324
28 10 54 351
28 11 54 378
28 12 54 405
28 13 81 135
28 14 81 162
28 15 81 189
28 16 81 216
28 17 81 243
28 18 81 270
28 19 81 297
28 20 81 324
28 21 81 351
28 22 81 378
28 23 81 405
28 24 81 432
28 25 108 108
28 26 108 135
28 27 108 162
28 28 108 189
28 29 108 216
28 30 108 243
28 31 108 270
28 32 108 297
28 33 108 324
28 34 108 351
28 35 108 378
28 36 108 405
28 37 108 432
28 38 108 459
28 39 135 81
28 40 135 108
28 41 135 135
28 42 135 162
28 43 135 189
28 44 135 216
28 45 135 243
28 46 135 270
28 47 135 297
28 48 135 324
28 49 135 351
28 50 135 378
28 51 135 405
28 52 135 432
28 53 135 459
28 54 135 486
28 55 162 81
28 56 162 108
28 57 162 135
28 58 162 162
28 59 162 189
28 60 162 216
28 61 162 243
28 62 162 270
28 63 162 297
28 64 162 324
28 65 162 351
28 66 162 378
28 67 162 405
28 68 162 432
28 69 162 459
28 70 162 486
28 71 189 54
28 72 189 81
28 73 189 108
28 74 189 135
28 75 189 162
28 76 189 189
28 77 189 216
28 78 189 243
28 79 189 270
28 80 189 297
28 81 189 324
28 82 189 351
28 83 189 378
28 84 189 405
28 85 189 432
28 86 189 459
28 87 189 486
28 88 189 513
28 89 216 54
28 90 216 81
28 91 216 108
28 92 216 135
28 93 216 162
28 94 216 189
28 95 216 216
28 96 216 243
28 97 216 270
28 98 216 297
28 99 216 324
28 100 216 351
28 101 216 378
28 102 216 405
28 103 216 432
28 104 216 459
28 105 216 486
28 106 216 513
28 107 243 54
28 108 243 81
28 109 243 108
28 110 243 135
28 111 243 162
28 112 243 189
28 113 243 216
28 114 243 243
28 115 243 270
28 116 243 297
28 117 243 324
28 118 243 351
28 119 243 378
28 120 243 405
28 121 243 432
28 122 243 459
28 123 243 486
28 124 243 513
28 125 270 54
28 126 270 81
28 127 270 108
28 128 270 135
28 129 270 162
28 130 270 189
28 131 270 216
28 132 270 243
28 133 270 270
28 134 270 297
28 135 270 324
28 136 270 351
28 137 270 378
28 138 270 405
28 139 270 432
28 140 270 459
28 141 270 486
28 142 270 513
28 143 297 54
28 144 297 81
28 145 297 108
28 146 297 135
28 147 297 162
28 148 297 189
28 149 297 216
28 150 297 243
28 151 297 270
28 152 297 297
28 153 297 324
28 154 297 351
28 155 297 378
28 156 297 405
28 157 297 432
28 158 297 459
28 159 297 486
28 160 297 513
28 161 324 54
28 162 324 81
28 163 324 108
28 164 324 135
28 165 324 162
28 166 324 189
28 167 324 216
28 168 324 243
28 169 324 270
28 170 324 297
28 171 324 324
28 172 324 351
28 173 324 378
28 174 324 405
28 175 324 432
28 176 324 459
28 177 324 486
28 178 324 513
28 179 351 54
28 180 351 81
28 181 351 108
28 182 351 135
28 183 351 162
28 184 351 189
28 185 351 216
28 186 351 243
28 187 351 270
28 188 351 297
28 189 351 324
28 190 351 351
28 191 351 378
28 192 351 405
28 193 351 432
28 194 351 459
28 195 351 486
28 196 351 513
28 197 378 81
28 198 378 108
28 199 378 135
28 200 378 162
28 201 378 189
28 202 378 216
28 203 378 243
28 204 378 270
28 205 378 297
28 206 378 324
28 207 378 351
28 208 378 378
28 209 378 405
28 210 378 432
28 211 378 459
28 212 378 486
28 213 405 81
28 214 405 108
28 215 405 135
28 216 405 162
28 217 405 189
28 218 405 216
28 219 405 243
28 220 405 270
28 221 405 297
28 222 405 324
28 223 405 351
28 224 405 378
28 225 405 405
28 226 405 432
28 227 405 459
28 228 405 486
28 229 432 108
28 230 432 135
28 231 432 162
28 232 432 189
28 233 432 216
28 234 432 243
28 235 432 270
28 236 432 297
28 237 432 324
28 238 432 351
28 239 432 378
28 240 432 405
28 241 432 432
28 242 432 459
28 243 459 108
28 244 459 135
28 245 459 162
28 246 459 189
28 247 459 216
28 248 459 243
28 249 459 270
28 250 459 297
28 251 459 324
28 252 459 351
28 253 459 378
28 254 459 405
28 255 459 432
28 256 486 162
28 257 486 189
28 258 486 216
28 259 486 243
28 260 486 270
28 261 486 297
28 262 486 324
28 263 486 351
28 264 486 378
28 265 486 405
28 266 513 216
28 267 513 243
28 268 513 270
28 269 513 297
28 270 513 324
28 271 513 351
29 0 27 216
29 1 27 243
29 2 27 270
29 3 27 297
29 4 27 324
29 5 27 351
29 6 54 162
29 7 54 189
29 8 54 216
29 9 54 243
29 10 54 270
29 11 54 297
29 12 54 324
29 13 54 351
29 14 54 378
29 15 54 405
29 16 81 135
29 17 81 162
29 18 81 189
29 19 81 216
29 20 81 243
29 21 81 270
29 22 81 297
29 23 81 324
29 24 81 351
29 25 81 378
29 26 81 405
29 27 81 432
29 28 108 108
29 29 108 135
29 30 108 162
29 31 108 189
29 32 108 216
29 33 108 243
29 34 108 270
29 35 108 297
29 36 108 324
29 37 108 351
29 38 108 378
29 39 108 405
29 40 108 432
29 41 108 459
29 42 135 81
29 43 135 108
29 44 135 135
29 45 135 162
29 46 135 189
29 47 135 216
29 48 135 243
29 49 135 270
29 50 135 297
29 51 135 324
29 52 135 351
29 53 135 378
29 54 135 405
29 55 135 432
29 56 135 459
29 57 135 486
29 58 162 81
29 59 162 108
29 60 162 135
29 61 162 162
29 62 162 189
29 63 162 216
29 64 162 243
29 65 162 270
29 66 162 297
29 67 162 324
29 68 162 351
29 69 162 378
29 70 162 405
29 71 162 432
29 72 162 459
29 73 162 486
29 74 162 513
29 75 189 54
29 76 189 81
29 77 189 108
29 78 189 135
29 79 189 162
29 80 189 189
29 81 189 216
29 82 189 243
29 83 189 270
29 84 189 297
29 85 189 324
29 86 189 351
29 87 189 378
29 88 189 405
29 89 189 432
29 90 189 459
29 91 189 486
29 92 189 513
29 93 216 54
29 94 216 81
29 95 216 108
29 96 216 135
29 97 216 162
29 98 216 189
29 99 216 216
29 100 216 243
29 101 216 270
29 102 216 297
29 103 216 324
29 104 216 351
29 105 216 378
29 106 216 405
29 107 216 432
29 108 216 459
29 109 216 486
29 110 216 513
29 111 243 54
29 112 243 81
29 113 243 108
29 114 243 135
29 115 243 162
29 116 243 189
29 117 243 216
29 118 243 243
29 119 243 270
29 120 243 297
29 121 243 324
29 122 243 351
29 123 243 378
29 124 243 405
29 125 243 432
29 126 243 459
29 127 243 486
29 128 243 513
29 129 270 54
29 130 270 81
29 131 270 108
29 132 270 135
29 133 270 162
29 134 270 189
29 135 270 216
29 136 270 243
29 137 270 270
29 138 270 297
29 139 270 324
29 140 270 351
29 141 270 378
29 142 270 405
29 143 270 432
29 144 270 459
29 145 270 486
29 146 270 513
29 147 270 540
29 148 297 54
29 149 297 81
29 150 297 108
29 151 297 135
29 152 297 162
29 153 297 189
29 154 297 216
29 155 297 243
29 156 297 270
29 157 297 297
29 158 297 324
29 159 297 351
29 160 297 378
29 161 297 405
29 162 297 432
29 163 297 459
29 164 297 486
29 165 297 513
29 166 324 54
29 167 324 81
29 168 324 108
29 169 324 135
29 170 324 162
29 171 324 189
29 172 324 216
29 173 324 243
29 174 324 270
29 175 324 297
29 176 324 324
29 177 324 351
29 178 324 378
29 179 324 405
29 180 324 432
29 181 324 459
29 182 324 486
29 183 324 513
29 184 351 54
29 185 351 81
29 186 351 108
29 187 351 135
29 188 351 162
29 189 351 189
29 190 351 216
29 191 351 243
29 192 351 270
29 193 351 297
29 194 351 324
29 195 351 351
29 196 351 378
29 197 351 405
29 198 351 432
29 199 351 459
29 200 351 486
29 201 351 513
29 202 378 81
29 203 378 108
29 204 378 135
29 205 378 162
29 206 378 189
29 207 378 216
29 208 378 243
29 209 378 270
29 210 378 297
29 211 378 324
29 212 378 351
29 213 378 378
29 214 378 405
29 215 378 432
29 216 378 459
29 217 378 486
29 218 405 81
29 219 405 108
29 220 405 135
29 221 405 162
29 222 405 189
29 223 405 216
29 224 405 243
29 225 405 270
29 226 405 297
29 227 405 324
29 228 405 351
29 229 405 378
29 230 405 405
29 231 405 432
29 232 405 459
29 233 405 486
29 234 432 108
29 235 432 135
29 236 432 162
29 237 432 189
29 238 432 216
29 239 432 243
29 240 432 270
29 241 432 297
29 242 432 324
29 243 432 351
29 244 432 378
29 245 432 405
29 246 432 432
29 247 432 459
29 248 459 135
29 249 459 162
29 250 459 189
29 251 459 216
29 252 459 243
29 253 459 270
29 254 459 297
29 255 459 324
29 256 459 351
29 257 459 378
29 258 459 405
29 259 459 432
29 260 486 189
29 261 486 216
29 262 486 243
29 263 486 270
29 264 486 297
29 265 486 324
29 266 486 351
29 267 486 378
29 268 486 405
29 269 513 243
29 270 513 270
29 271 513 297
29 272 513 324
30 0 27 216
30 1 27 243
30 2 27 270
30 3 27 297
30 4 27 324
30 5 27 351
30 6 54 162
30 7 54 189
30 8 54 216
30 9 54 243
30 10 54 270
30 11 54 297
30 12 54 324
30 13 54 351
30 14 54 378
30 15 54 405
30 16 81 135
30 17 81 162
30 18 81 189
30 19 81 216
30 20 81 243
30 21 81 270
30 22 81 297
30 23 81 324
30 24 81 351
30 25 81 378
30 26 81 405
30 27 81 432
30 28 108 108
30 29 108 135
30 30 108 162
30 31 108 189
30 32 108 216
30 33 108 243
30 34 108 270
30 35 108 297
30 36 108 324
30 37 108 351
30 38 108 378
30 39 108 405
30 40 108 432
30 41 108 459
30 42 135 81
30 43 135 108
30 44 135 135
30 45 135 162
30 46 135 189
30 47 135 216
30 48 135 243
30 49 135 270
30 50 135 297
30 51 135 324
30 52 135 351
30 53 135 378
30 54 135 405
30 55 135 432
30 56 135 459
30 57 135 486
30 58 162 81
30 59 162 108
30 60 162 135
30 61 162 162
30 62 162 189
30 63 162 216
30 64 162 243
30 65 162 270
30 66 162 297
30 67 162 324
30 68 162 351
30 69 162 378
30 70 162 405
30 71 162 432
30 72 162 459
30 73 162 486
30 74 162 513
30 75 189 54
30 76 189 81
30 77 189 108
30 78 189 135
30 79 189 162
30 80 189 189
30 81 189 216
30 82 189 243
30 83 189 270
30 84 189 297
30 85 189 324
30 86 189 351
30 87 189 378
30 88 189 405
30 89 189 432
30 90 189 459
30 91 189 486
30 92 189 513
30 93 216 54
30 94 216 81
30 95 216 108
30 96 216 135
30 97 216 162
30 98 216 189
30 99 216 216
30 100 216 243
30 101 216 270
30 102 216 297
30 103 216 324
30 104 216 351
30 105 216 378
30 106 216 405
30 107 216 432
30 108 216 459
30 109 216 486
30 110 216 513
30 111 243 54
30 112 243 81
30 113 243 108
30 114 243 135
30 115 243 162
30 116 243 189
30 117 243 216
30 118 243 243
30 119 243 270
30 120 243 297
30 121 243 324
30 122 243 351
30 123 243 378
30 124 243 405
30 125 243 432
30 126 243 459
30 127 243 486
30 128 243 513
30 129 270 54
30 130 270 81
30 131 270 108
30 132 270 135
30 133 270 162
30 134 270 189
30 135 270 216
30 136 270 243
30 137 270 270
30 138 270 297
30 139 270 324
30 140 270 351
30 141 270 378
30 142 270 405
30 143 270 432
30 144 270 459
30 145 270 486
30 146 270 513
30 147 270 540
30 148 297 54
30 149 297 81
30 150 297 108
30 151 297 135
30 152 297 162
30 153 297 189
30 154 297 216
30 155 297 243
30 156 297 270
30 157 297 297
30 158 297 324
30 159 297 351
30 160 297 378
30 161 297 405
30 162 297 432
30 163 297 459
30 164 297 486
30 165 297 513
30 166 324 54
30 167 324 81
30 168 324 108
30 169 324 135
30 170 324 162
30 171 324 189
30 172 324 216
30 173 324 243
30 174 324 270
30 175 324 297
30 176 324 324
30 177 324 351
30 178 324 378
30 179 324 405
30 180 324 432
30 181 324 459
30 182 324 486
30 183 324 513
30 184 351 54
30 185 351 81
30 186 351 108
30 187 351 135
30 188 351 162
30 189 351 189
30 190 351 216
30 191 351 243
30 192 351 270
30 193 351 297
30 194 351 324
30 195 351 351
30 196 351 378
30 197 351 405
30 198 351 432
30 199 351 459
30 200 351 486
30 201 351 513
30 202 378 81
30 203 378 108
30 204 378 135
30 205 378 162
30 206 378 189
30 207 378 216
30 208 378 243
30 209 378 270
30 210 378 297
30 211 378 324
30 212 378 351
30 213 378 378
30 214 378 405
30 215 378 432
30 216 378 459
30 217 378 486
30 218 405 81
30 219 405 108
30 220 405 135
30 221 405 162
30 222 405 189
30 223 405 216
30 224 405 243
30 225 405 270
30 226 405 297
30 227 405 324
30 228 405 351
30 229 405 378
30 230 405 405
30 231 405 432
30 232 405 459
30 233 405 486
30 234 432 108
30 235 432 135
30 236 432 162
30 237 432 189
30 238 432 216
30 239 432 243
30 240 432 270
30 241 432 297
30 242 432 324
30 243 432 351
30 244 432 378
30 245 432 405
30 246 432 432
30 247 432 459
30 248 459 135
30 249 459 162
30 250 459 189
30 251 459 216
30 252 459 243
30 253 459 270
30 254 459 297
30 255 459 324
30 256 459 351
30 257 459 378
30 258 459 405
30 259 459 432
30 260 486 189
30 261 486 216
30 262 486 243
30 263 486 270
30 264 486 297
30 265 486 324
30 266 486 351
30 267 486 378
30 268 486 405
30 269 513 243
30 270 513 270
30 271 513 297
30 272 513 324
31 0 27 216
31 1 27 243
31 2 27 270
31 3 27 297
31 4 27 324
31 5 27 351
31 6 54 162
31 7 54 189
31 8 54 216
31 9 54 243
31 10 54 270
31 11 54 297
31 12 54 324
31 13 54 351
31 14 54 378
31 15 54 405
31 16 81 135
31 17 81 162
31 18 81 189
31 19 81 216
31 20 81 243
31 21 81 270
31 22 81 297
31 23 81 324
31 24 81 351
31 25 81 378
31 26 81 405
31 27 81 432
31 28 108 108
31 29 108 135
31 30 108 162
31 31 108 189
31 32 108 216
31 33 108 243
31 34 108 270
31 35 108 297
31 36 108 324
31 37 108 351
31 38 108 378
31 39 108 405
31 40 108 432
31 41 108 459
31 42 135 81
31 43 135 108
31 44 135 135
31 45 135 162
31 46 135 189
31 47 135 216
31 48 135 243
31 49 135 270
31 50 135 297
31 51 135 324
31 52 135 351
31 53 135 378
31 54 135 405
31 55 135 432
31 56 135 459
31 57 135 486
31 58 162 81
31 59 162 108
31 60 162 135
31 61 162 162
31 62 162 189
31 63 162 216
31 64 162 243
31 65 162 270
31 66 162 297
31 67 162 324
31 68 162 351
31 69 162 378
31 70 162 405
31 71 162 432
31 72 162 459
31 73 162 486
31 74 162 513
31 75 189 54
31 76 189 81
31 77 189 108
31 78 189 135
31 79 189 162
31 80 189 189
31 81 189 216
31 82 189 243
31 83 189 270
31 84 189 297
31 85 189 324
31 86 189 351
31 87 189 378
31 88 189 405
31 89 189 432
31 90 189 459
31 91 189 486
31 92 189 513
31 93 216 54
31 94 216 81
31 95 216 108
31 96 216 135
31 97 216 162
31 98 216 189
31 99 216 216
31 100 216 243
31 101 216 270
31 102 216 297
31 103 216 324
31 104 216 351
31 105 216 378
31 106 216 405
31 107 216 432
31 108 216 459
31 109 216 486
31 110 216 513
31 111 243 54
31 112 243 81
31 113 243 108
31 114 243 135
31 115 243 162
31 116 243 189
31 117 243 216
31 118 243 243
31 119 243 270
31 120 243 297
31 121 243 324
31 122 243 351
31 123 243 378
31 124 243 405
31 125 243 432
31 126 243 459
31 127 243 486
31 128 243 513
31 129 270 54
31 130 270 81
31 131 270 108
31 132 270 135
31 133 270 162
31 134 270 189
31 135 270 216
31 136 270 243
31 137 270 270
31 138 270 297
31 139 270 324
31 140 270 351
31 141 270 378
31 142 270 405
31 143 270 432
31 144 270 459
31 145 270 486
31 146 270 513
31 147 270 540
31 148 297 54
31 149 297 81
31 150 297 108
31 151 297 135
31 152 297 162
31 153 297 189
31 154 297 216
31 155 297 243
31 156 297 270
31 157 297 297
31 158 297 324
31 159 297 351
31 160 297 378
31 161 297 405
31 162 297 432
31 163 297 459
31 164 297 486
31 165 297 513
31 166 324 54
31 167 324 81
31 168 324 108
31 169 324 135
31 170 324 162
31 171 324 189
31 172 324 216
31 173 324 243
31 174 324 270
31 175 324 297
31 176 324 324
31 177 324 351
31 178 324 378
31 179 324 405
31 180 324 432
31 181 324 459
31 182 324 486
31 183 324 513
31 184 351 54
31 185 351 81
31 186 351 108
31 187 351 135
31 188 351 162
31 189 351 189
31 190 351 216
31 191 351 243
31 192 351 270
31 193 351 297
31 194 351 324
31 195 351 351
31 196 351 378
31 197 351 405
31 198 351 432
31 199 351 459
31 200 351 486
31 201 351 513
31 202 378 81
31 203 378 108
31 204 378 135
31 205 378 162
31 206 378 189
31 207 378 216
31 208 378 243
31 209 378 270
31 210 378 297
31 211 378 324
31 212 378 351
31 213 378 378
31 214 378 405
31 215 378 432
31 216 378 459
31 217 378 486
31 218 405 81
31 219 405 108
31 220 405 135
31 221 405 162
31 222 405 189
31 223 405 216
31 224 405 243
31 225 405 270
31 226 405 297
31 227 405 324
31 228 405 351
31 229 405 378
31 230 405 405
31 231 405 432
31 232 405 459
31 233 405 486
31 234 432 108
31 235 432 135
31 236 432 162
31 237 432 189
31 238 432 216
31 239 432 243
31 240 432 270
31 241 432 297
31 242 432 324
31 243 432 351
31 244 432 378
31 245 432 405
31 246 432 432
31 247 432 459
31 248 459 135
31 249 459 162
31 250 459 189
31 251 459 216
31 252 459 243
31 253 459 270
31 254 459 297
31 255 459 324
31 256 459 351
31 257 459 378
31 258 459 405
31 259 459 432
31 260 486 189
31 261 486 216
31 262 486 243
31 263 486 270
31 264 486 297
31 265 486 324
31 266 486 351
31 267 486 378
31 268 486 405
31 269 513 243
31 270 513 270
31 271 513 297
31 272 513 324
32 0 27 216
32 1 27 243
32 2 27 270
32 3 27 297
32 4 27 324
32 5 27 351
32 6 54 162
32 7 54 189
32 8 54 216
32 9 54 243
32 10 54 270
32 11 54 297
32 12 54 324
32 13 54 351
32 14 54 378
32 15 54 405
32 16 81 135
32 17 81 162
32 18 81 189
32 19 81 216
32 20 81 243
32 21 81 270
32 22 81 297
32 23 81 324
32 24 81 351
32 25 81 378
32 26 81 405
32 27 81 432
32 28 108 108
32 29 108 135
32 30 108 162
32 31 108 189
32 32 108 216
32 33 108 243
32 34 108 270
32 35 108 297
32 36 108 324
32 37 108 351
32 38 108 378
32 39 108 405
32 40 108 432
32 41 108 459
32 42 135 81
32 43 135 108
32 44 135 135
32 45 135 162
32 46 135 189
32 47 135 216
32 48 135 243
32 49 135 270
32 50 135 297
32 51 135 324
32 52 135 351
32 53 135 378
32 54 135 405
32 55 135 432
32 56 135 459
32 57 135 486
32 58 162 81
32 59 162 108
32 60 162 135
32 61 162 162
32 62 162 189
32 63 162 216
32 64 162 243
32 65 162 270
32 66 162 297
32 67 162 324
32 68 162 351
32 69 162 378
32 70 162 405
32 71 162 432
32 72 162 459
32 73 162 486
32 74 189 54
32 75 189 81
32 76 189 108
32 77 189 135
32 78 189 162
32 79 189 189
32 80 189 216
32 81 189 243
32 82 189 270
32 83 189 297
32 84 189 324
32 85 189 351
32 86 189 378
32 87 189 405
32 88 189 432
32 89 189 459
32 90 189 486
32 91 189 513
32 92 216 54
32 93 216 81
32 94 216 108
32 95 216 135
32 96 216 162
32 97 216 189
32 98 216 216
32 99 216 243
32 100 216 270
32 101 216 297
32 102 216 324
32 103 216 351
32 104 216 378
32 105 216 405
32 106 216 432
32 107 216 459
32 108 216 486
32 109 216 513
32 110 243 54
32 111 243 81
32 112 243 108
32 113 243 135
32 114 243 162
32 115 243 189
32 116 243 216
32 117 243 243
32 118 243 270
32 119 243 297
32 120 243 324
32 121 243 351
32 122 243 378
32 123 243 405
32 124 243 432
32 125 243 459
32 126 243 486
32 127 243 513
32 128 270 54
32 129 270 81
32 130 270 108
32 131 270 135
32 132 270 162
32 133 270 189
32 134 270 216
32 135 270 243
32 136 270 270
32 137 270 297
32 138 270 324
32 139 270 351
32 140 270 378
32 141 270 405
32 142 270 432
32 143 270 459
32 144 270 486
32 145 270 513
32 146 297 54
32 147 297 81
32 148 297 108
32 149 297 135
32 150 297 162
32 151 297 189
32 152 297 216
32 153 297 243
32 154 297 270
32 155 297 297
32 156 297 324
32 157 297 351
32 158 297 378
32 159 297 405
32 160 297 432
32 161 297 459
32 162 297 486
32 163 297 513
32 164 324 54
32 165 324 81
32 166 324 108
32 167 324 135
32 168 324 162
32 169 324 189
32 170 324 216
32 171 324 243
32 172 324 270
32 173 324 297
32 174 324 324
32 175 324 351
32 176 324 378
32 177 324 405
32 178 324 432
32 179 324 459
32 180 324 486
32 181 324 513
32 182 351 54
32 183 351 81
32 184 351 108
32 185 351 135
32 186 351 162
32 187 351 189
32 188 351 216
32 189 351 243
32 190 351 270
32 191 351 297
32 192 351 324
32 193 351 351
32 194 351 378
32 195 351 405
32 196 351 432
32 197 351 459
32 198 351 486
32 199 351 513
32 200 378 81
32 201 378 108
32 202 378 135
32 203 378 162
32 204 378 189
32 205 378 216
32 206 378 243
32 207 378 270
32 208 378 297
32 209 378 324
32 210 378 351
32 211 378 378
32 212 378 405
32 213 378 432
32 214 378 459
32 215 378 486
32 216 405 81
32 217 405 108
32 218 405 135
32 219 405 162
32 220 405 189
32 221 405 216
32 222 405 243
32 223 405 270
32 224 405 297
32 225 405 324
32 226 405 351
32 227 405 378
32 228 405 405
32 229 405 432
32 230 405 459
32 231 405 486
32 232 432 108
32 233 432 135
32 234 432 162
32 235 432 189
32 236 432 216
32 237 432 243
32 238 432 270
32 239 432 297
32 240 432 324
32 241 432 351
32 242 432 378
32 243 432 405
32 244 432 432
32 245 432 459
32 246 459 135
32 247 459 162
32 248 459 189
32 249 459 216
32 250 459 243
32 251 459 270
32 252 459 297
32 253 459 324
32 254 459 351
32 255 459 378
32 256 459 405
32 257 459 432
32 258 486 189
32 259 486 216
32 260 486 243
32 261 486 270
32 262 486 297
32 263 486 324
32 264 486 351
32 265 486 378
32 266 513 270
32 267 513 297
33 0 27 216
33 1 27 243
33 2 27 270
33 3 27 297
33 4 27 324
33 5 27 351
33 6 54 162
33 7 54 189
33 8 54 216
33 9 54 243
33 10 54 270
33 11 54 297
33 12 54 324
33 13 54 351
33 14 54 378
33 15 54 405
33 16 81 135
33 17 81 162
33 18 81 189
33 19 81 216
33 20 81 243
33 21 81 270
33 22 81 297
33 23 81 324
33 24 81 351
33 25 81 378
33 26 81 405
33 27 81 432
33 28 108 108
33 29 108 135
33 30 108 162
33 31 108 189
33 32 108 216
33 33 108 243
33 34 108 270
33 35 108 297
33 36 108 324
33 37 108 351
33 38 108 378
33 39 108 405
33 40 108 432
33 41 108 459
33 42 135 81
33 43 135 108
33 44 135 135
33 45 135 162
33 46 135 189
33 47 135 216
33 48 135 243
33 49 135 270
33 50 135 297
33 51 135 324
33 52 135 351
33 53 135 378
33 54 135 405
33 55 135 432
33 56 135 459
33 57 135 486
33 58 162 81
33 59 162 108
33 60 162 135
33 61 162 162
33 62 162 189
33 63 162 216
33 64 162 243
33 65 162 270
33 66 162 297
33 67 162 324
33 68 162 351
33 69 162 378
33 70 162 405
33 71 162 432
33 72 162 459
33 73 162 486
33 74 189 54
33 75 189 81
33 76 189 108
33 77 189 135
33 78 189 162
33 79 189 189
33 80 189 216
33 81 189 243
33 82 189 270
33 83 189 297
33 84 189 324
33 85 189 351
33 86 189 378
33 87 189 405
33 88 189 432
33 89 189 459
33 90 189 486
33 91 189 513
33 92 216 54
33 93 216 81
33 94 216 108
33 95 216 135
33 96 216 162
33 97 216 189
33 98 216 216
33 99 216 243
33 100 216 270
33 101 216 297
33 102 216 324
33 103 216 351
33 104 216 378
33 105 216 405
33 106 216 432
33 107 216 459
33 108 216 486
33 109 216 513
33 110 243 54
33 111 243 81
33 112 243 108
33 113 243 135
33 114 243 162
33 115 243 189
33 116 243 216
33 117 243 243
33 118 243 270
33 119 243 297
33 120 243 324
33 121 243 351
33 122 243 378
33 123 243 405
33 124 243 432
33 125 243 459
33 126 243 486
33 127 243 513
33 128 270 54
33 129 270 81
33 130 270 108
33 131 270 135
33 132 270 162
33 133 270 189
33 134 270 216
33 135 270 243
33 136 270 270
33 137 270 297
33 138 270 324
33 139 270 351
33 140 270 378
33 141 270 405
33 142 270 432
33 143 270 459
33 144 270 486
33 145 270 513
33 146 297 54
33 147 297 81
33 148 297 108
33 149 297 135
33 150 297 162
33 151 297 189
33 152 297 216
33 153 297 243
33 154 297 270
33 155 297 297
33 156 297 324
33 157 297 351
33 158 297 378
33 159 297 405
33 160 297 432
33 161 297 459
33 162 297 486
33 163 297 513
33 164 324 54
33 165 324 81
33 166 324 108
33 167 324 135
33 168 324 162
33 169 324 189
33 170 324 216
33 171 324 243
33 172 324 270
33 173 324 297
33 174 324 324
33 175 324 351
33 176 324 378
33 177 324 405
33 178 324 432
33 179 324 459
33 180 324 486
33 181 324 513
33 182 351 54
33 183 351 81
33 184 351 108
33 185 351 135
33 186 351 162
33 187 351 189
33 188 351 216
33 189 351 243
33 190 351 270
33 191 351 297
33 192 351 324
33 193 351 351
33 194 351 378
33 195 351 405
33 196 351 432
33 197 351 459
33 198 351 486
33 199 351 513
33 200 378 81
33 201 378 108
33 202 378 135
33 203 378 162
33 204 378 189
33 205 378 216
33 206 378 243
33 207 378 270
33 208 378 297
33 209 378 324
33 210 378 351
33 211 378 378
33 212 378 405
33 213 378 432
33 214 378 459
33 215 378 486
33 216 405 81
33 217 405 108
33 218 405 135
33 219 405 162
33 220 405 189
33 221 405 216
33 222 405 243
33 223 405 270
33 224 405 297
33 225 405 324
33 226 405 351
33 227 405 378
33 228 405 405
33 229 405 432
33 230 405 459
33 231 405 486
33 232 432 108
33 233 432 135
33 234 432 162
33 235 432 189
33 236 432 216
33 237 432 243
33 238 432 270
33 239 432 297
33 240 432 324
33 241 432 351
33 242 432 378
33 243 432 405
33 244 432 432
33 245 432 459
33 246 459 135
33 247 459 162
33 248 459 189
33 249 459 216
33 250 459 243
33 251 459 270
33 252 459 297
33 253 459 324
33 254 459 351
33 255 459 378
33 256 459 405
33 257 459 432
33 258 486 162
33 259 486 189
33 260 486 216
33 261 486 243
33 262 486 270
33 263 486 297
33 264 486 324
33 265 486 351
33 266 486 378
33 267 486 405
33 268 513 243
33 269 513 270
33 270 513 297
33 271 513 324
33 272 513 351
34 0 27 216
34 1 27 243
34 2 27 270
34 3 27 297
34 4 27 324
34 5 27 351
34 6 54 162
34 7 54 189
34 8 54 216
34 9 54 243
34 10 54 270
34 11 54 297
34 12 54 324
34 13 54 351
34 14 54 378
34 15 54 405
34 16 81 135
34 17 81 162
34 18 81 189
34 19 81 216
34 20 81 243
34 21 81 270
34 22 81 297
34 23 81 324
34 24 81 351
34 25 81 378
34 26 81 405
34 27 81 432
34 28 108 108
34 29 108 135
34 30 108 162
34 31 108 189
34 32 108 216
34 33 108 243
34 34 108 270
34 35 108 297
34 36 108 324
34 37 108 351
34 38 108 378
34 39 108 405
34 40 108 432
34 41 108 459
34 42 135 81
34 43 135 108
34 44 135 135
34 45 135 162
34 46 135 189
34 47 135 216
34 48 135 243
34 49 135 270
34 50 135 297
34 51 135 324
34 52 135 351
34 53 135 378
34 54 135 405
34 55 135 432
34 56 135 459
34 57 135 486
34 58 162 81
34 59 162 108
34 60 162 135
34 61 162 162
34 62 162 189
34 63 162 216
34 64 162 243
34 65 162 270
34 66 162 297
34 67 162 324
34 68 162 351
34 69 162 378
34 70 162 405
34 71 162 432
34 72 162 459
34 73 162 486
34 74 162 513
34 75 189 54
34 76 189 81
34 77 189 108
34 78 189 135
34 79 189 162
34 80 189 189
34 81 189 216
34 82 189 243
34 83 189 270
34 84 189 297
34 85 189 324
34 86 189 351
34 87 189 378
34 88 189 405
34 89 189 432
34 90 189 459
34 91 189 486
34 92 189 513
34 93 216 54
34 94 216 81
34 95 216 108
34 96 216 135
34 97 216 162
34 98 216 189
34 99 216 216
34 100 216 243
34 101 216 270
34 102 216 297
34 103 216 324
34 104 216 351
34 105 216 378
34 106 216 405
34 107 216 432
34 108 216 459
34 109 216 486
34 110 216 513
34 111 243 54
34 112 243 81
34 113 243 108
34 114 243 135
34 115 243 162
34 116 243 189
34 117 243 216
34 118 243 243
34 119 243 270
34 120 243 297
34 121 243 324
34 122 243 351
34 123 243 378
34 124 243 405
34 125 243 432
34 126 243 459
34 127 243 486
34 128 243 513
34 129 270 54
34 130 270 81
34 131 270 108
34 132 270 135
34 133 270 162
34 134 270 189
34 135 270 216
34 136 270 243
34 137 270 270
34 138 270 297
34 139 270 324
34 140 270 351
34 141 270 378
34 142 270 405
34 143 270 432
34 144 270 459
34 145 270 486
34 146 270 513
34 147 297 54
34 148 297 81
34 149 297 108
34 150 297 135
34 151 297 162
34 152 297 189
34 153 297 216
34 154 297 243
34 155 297 270
34 156 297 297
34 157 297 324
34 158 297 351
34 159 297 378
34 160 297 405
34 161 297 432
34 162 297 459
34 163 297 486
34 164 297 513
34 165 324 54
34 166 324 81
34 167 324 108
34 168 324 135
34 169 324 162
34 170 324 189
34 171 324 216
34 172 324 243
34 173 324 270
34 174 324 297
34 175 324 324
34 176 324 351
34 177 324 378
34 178 324 405
34 179 324 432
34 180 324 459
34 181 324 486
34 182 324 513
34 183 351 54
34 184 351 81
34 185 351 108
34 186 351 135
34 187 351 162
34 188 351 189
34 189 351 216
34 190 351 243
34 191 351 270
34 192 351 297
34 193 351 324
34 194 351 351
34 195 351 378
34 196 351 405
34 197 351 432
34 198 351 459
34 199 351 486
34 200 351 513
34 201 378 81
34 202 378 108
34 203 378 135
34 204 378 162
34 205 378 189
34 206 378 216
34 207 378 243
34 208 378 270
34 209 378 297
34 210 378 324
34 211 378 351
34 212 378 378
34 213 378 405
34 214 378 432
34 215 378 459
34 216 378 486
34 217 405 81
34 218 405 108
34 219 405 135
34 220 405 162
34 221 405 189
34 222 405 216
34 223 405 243
34 224 405 270
34 225 405 297
34 226 405 324
34 227 405 351
34 228 405 378
34 229 405 405
34 230 405 432
34 231 405 459
34 232 405 486
34 233 432 108
34 234 432 135
34 235 432 162
34 236 432 189
34 237 432 216
34 238 432 243
34 239 432 270
34 240 432 297
34 241 432 324
34 242 432 351
34 243 432 378
34 244 432 405
34 245 432 432
34 246 432 459
34 247 459 135
34 248 459 162
34 249 459 189
34 250 459 216
34 251 459 243
34 252 459 270
34 253 459 297
34 254 459 324
34 255 459 351
34 256 459 378
34 257 459 405
34 258 459 432
34 259 486 189
34 260 486 216
34 261 486 243
34 262 486 270
34 263 486 297
34 264 486 324
34 265 486 351
34 266 486 378
34 267 513 270
34 268 513 297
35 0 27 216
35 1 27 243
35 2 27 270
35 3 27 297
35 4 27 324
35 5 27 351
35 6 54 162
35 7 54 189
35 8 54 216
35 9 54 243
35 10 54 270
35 11 54 297
35 12 54 324
35 13 54 351
35 14 54 378
35 15 54 405
35 16 81 135
35 17 81 162
35 18 81 189
35 19 81 216
35 20 81 243
35 21 81 270
35 22 81 297
35 23 81 324
35 24 81 351
35 25 81 378
35 26 81 405
35 27 81 432
35 28 108 108
35 29 108 135
35 30 108 162
35 31 108 189
35 32 108 216
35 33 108 243
35 34 108 270
35 35 108 297
35 36 108 324
35 37 108 351
35 38 108 378
35 39 108 405
35 40 108 432
35 41 108 459
35 42 135 81
35 43 135 108
35 44 135 135
35 45 135 162
35 46 135 189
35 47 135 216
35 48 135 243
35 49 135 270
35 50 135 297
35 51 135 324
35 52 135 351
35 53 135 378
35 54 135 405
35 55 135 432
35 56 135 459
35 57 135 486
35 58 162 54
35 59 162 81
35 60 162 108
35 61 162 135
35 62 162 162
35 63 162 189
35 64 162 216
35 65 162 243
35 66 162 270
35 67 162 297
35 68 162 324
35 69 162 351
35 70 162 378
35 71 162 405
35 72 162 432
35 73 162 459
35 74 162 486
35 75 162 513
35 76 189 54
35 77 189 81
35 78 189 108
35 79 189 135
35 80 189 162
35 81 189 189
35 82 189 216
35 83 189 243
35 84 189 270
35 85 189 297
35 86 189 324
35 87 189 351
35 88 189 378
35 89 189 405
35 90 189 432
35 91 189 459
35 92 189 486
35 93 189 513
35 94 216 54
35 95 216 81
35 96 216 108
35 97 216 135
35 98 216 162
35 99 216 189
35 100 216 216
35 101 216 243
35 102 216 270
35 103 216 297
35 104 216 324
35 105 216 351
35 106 216 378
35 107 216 405
35 108 216 432
35 109 216 459
35 110 216 486
35 111 216 513
35 112 243 54
35 113 243 81
35 114 243 108
35 115 243 135
35 116 243 162
35 117 243 189
35 118 243 216
35 119 243 243
35 120 243 270
35 121 243 297
35 122 243 324
35 123 243 351
35 124 243 378
35 125 243 405
35 126 243 432
35 127 243 459
35 128 243 486
35 129 243 513
35 130 270 54
35 131 270 81
35 132 270 108
35 133 270 135
35 134 270 162
35 135 270 189
35 136 270 216
35 137 270 243
35 138 270 270
35 139 270 297
35 140 270 324
35 141 270 351
35 142 270 378
35 143 270 405
35 144 270 432
35 145 270 459
35 146 270 486
35 147 270 513
35 148 297 54
35 149 297 81
35 150 297 108
35 151 297 135
35 152 297 162
35 153 297 189
35 154 297 216
35 155 297 243
35 156 297 270
35 157 297 297
35 158 297 324
35 159 297 351
35 160 297 378
35 161 297 405
35 162 297 432
35 163 297 459
35 164 297 486
35 165 297 513
35 166 324 54
35 167 324 81
35 168 324 108
35 169 324 135
35 170 324 162
35 171 324 189
35 172 324 216
35 173 324 243
35 174 324 270
35 175 324 297
35 176 324 324
35 177 324 351
35 178 324 378
35 179 324 405
35 180 324 432
35 181 324 459
35 182 324 486
35 183 324 513
35 184 351 54
35 185 351 81
35 186 351 108
35 187 351 135
35 188 351 162
35 189 351 189
35 190 351 216
35 191 351 243
35 192 351 270
35 193 351 297
35 194 351 324
35 195 351 351
35 196 351 378
35 197 351 405
35 198 351 432
35 199 351 459
35 200 351 486
35 201 351 513
35 202 378 81
35 203 378 108
35 204 378 135
35 205 378 162
35 206 378 189
35 207 378 216
35 208 378 243
35 209 378 270
35 210 378 297
35 211 378 324
35 212 378 351
35 213 378 378
35 214 378 405
35 215 378 432
35 216 378 459
35 217 378 486
35 218 405 81
35 219 405 108
35 220 405 135
35 221 405 162
35 222 405 189
35 223 405 216
35 224 405 243
35 225 405 270
35 226 405 297
35 227 405 324
35 228 405 351
35 229 405 378
35 230 405 405
35 231 405 432
35 232 405 459
35 233 405 486
35 234 432 108
35 235 432 135
35 236 432 162
35 237 432 189
35 238 432 216
35 239 432 243
35 240 432 270
35 241 432 297
35 242 432 324
35 243 432 351
35 244 432 378
35 245 432 405
35 246 432 432
35 247 432 459
35 248 459 135
35 249 459 162
35 250 459 189
35 251 459 216
35 252 459 243
35 253 459 270
35 254 459 297
35 255 459 324
35 256 459 351
35 257 459 378
35 258 459 405
35 259 459 432
35 260 486 189
35 261 486 216
35 262 486 243
35 263 486 270
35 264 486 297
35 265 486 324
35 266 486 351
35 267 486 378
35 268 513 270
35 269 513 297
35 270 513 324
36 0 27 216
36 1 27 243
36 2 27 270
36 3 27 297
36 4 27 324
36 5 27 351
36 6 54 162
36 7 54 189
36 8 54 216
36 9 54 243
36 10 54 270
36 11 54 297
36 12 54 324
36 13 54 351
36 14 54 378
36 15 54 405
36 16 81 135
36 17 81 162
36 18 81 189
36 19 81 216
36 20 81 243
36 21 81 270
36 22 81 297
36 23 81 324
36 24 81 351
36 25 81 378
36 26 81 405
36 27 81 432
36 28 108 108
36 29 108 135
36 30 108 162
36 31 108 189
36 32 108 216
36 33 108 243
36 34 108 270
36 35 108 297
36 36 108 324
36 37 108 351
36 38 108 378
36 39 108 405
36 40 108 432
36 41 108 459
36 42 135 81
36 43 135 108
36 44 135 135
36 45 135 162
36 46 135 189
36 47 135 216
36 48 135 243
36 49 135 270
36 50 135 297
36 51 135 324
36 52 135 351
36 53 135 378
36 54 135 405
36 55 135 432
36 56 135 459
36 57 135 486
36 58 162 81
36 59 162 108
36 60 162 135
36 61 162 162
36 62 162 189
36 63 162 216
36 64 162 243
36 65 162 270
36 66 162 297
36 67 162 324
36 68 162 351
36 69 162 378
36 70 162 405
36 71 162 432
36 72 162 459
36 73 162 486
36 74 162 513
36 75 189 54
36 76 189 81
36 77 189 108
36 78 189 135
36 79 189 162
36 80 189 189
36 81 189 216
36 82 189 243
36 83 189 270
36 84 189 297
36 85 189 324
36 86 189 351
36 87 189 378
36 88 189 405
36 89 189 432
36 90 189 459
36 91 189 486
36 92 189 513
36 93 216 54
36 94 216 81
36 95 216 108
36 96 216 135
36 97 216 162
36 98 216 189
36 99 216 216
36 100 216 243
36 101 216 270
36 102 216 297
36 103 216 324
36 104 216 351
36 105 216 378
36 106 216 405
36 107 216 432
36 108 216 459
36 109 216 486
36 110 216 513
36 111 243 54
36 112 243 81
36 113 243 108
36 114 243 135
36 115 243 162
36 116 243 189
36 117 243 216
36 118 243 243
36 119 243 270
36 120 243 297
36 121 243 324
36 122 243 351
36 123 243 378
36 124 243 405
36 125 243 432
36 126 243 459
36 127 243 486
36 128 243 513
36 129 270 54
36 130 270 81
36 131 270 108
36 132 270 135
36 133 270 162
36 134 270 189
36 135 270 216
36 136 270 243
36 137 270 270
36 138 270 297
36 139 270 324
36 140 270 351
36 141 270 378
36 142 270 405
36 143 270 432
36 144 270 459
36 145 270 486
36 146 270 513
36 147 297 54
36 148 297 81
36 149 297 108
36 150 297 135
36 151 297 162
36 152 297 189
36 153 297 216
36 154 297 243
36 155 297 270
36 156 297 297
36 157 297 324
36 158 297 351
36 159 297 378
36 160 297 405
36 161 297 432
36 162 297 459
36 163 297 486
36 164 297 513
36 165 324 54
36 166 324 81
36 167 324 108
36 168 324 135
36 169 324 162
36 170 324 189
36 171 324 216
36 172 324 243
36 173 324 270
36 174 324 297
36 175 324 324
36 176 324 351
36 177 324 378
36 178 324 405
36 179 324 432
36 180 324 459
36 181 324 486
36 182 324 513
36 183 351 54
36 184 351 81
36 185 351 108
36 186 351 135
36 187 351 162
36 188 351 189
36 189 351 216
36 190 351 243
36 191 351 270
36 192 351 297
36 193 351 324
36 194 351 351
36 195 351 378
36 196 351 405
36 197 351 432
36 198 351 459
36 199 351 486
36 200 351 513
36 201 378 81
36 202 378 108
36 203 378 135
36 204 378 162
36 205 378 189
36 206 378 216
36 207 378 243
36 208 378 270
36 209 378 297
36 210 378 324
36 211 378 351
36 212 378 378
36 213 378 405
36 214 378 432
36 215 378 459
36 216 378 486
36 217 405 81
36 218 405 108
36 219 405 135
36 220 405 162
36 221 405 189
36 222 405 216
36 223 405 243
36 224 405 270
36 225 405 297
36 226 405 324
36 227 405 351
36 228 405 378
36 229 405 405
36 230 405 432
36 231 405 459
36 232 405 486
36 233 432 108
36 234 432 135
36 235 432 162
36 236 432 189
36 237 432 216
36 238 432 243
36 239 432 270
36 240 432 297
36 241 432 324
36 242 432 351
36 243 432 378
36 244 432 405
36 245 432 432
36 246 432 459
36 247 459 135
36 248 459 162
36 249 459 189
36 250 459 216
36 251 459 243
36 252 459 270
36 253 459 297
36 254 459 324
36 255 459 351
36 256 459 378
36 257 459 405
36 258 459 432
36 259 486 189
36 260 486 216
36 261 486 243
36 262 486 270
36 263 486 297
36 264 486 324
36 265 486 351
36 266 486 378
36 267 486 405
36 268 513 243
36 269 513 270
36 270 513 297
36 271 513 324
37 0 27 216
37 1 27 243
37 2 27 270
37 3 27 297
37 4 27 324
37 5 27 351
37 6 54 162
37 7 54 189
37 8 54 216
37 9 54 243
37 10 54 270
37 11 54 297
37 12 54 324
37 13 54 351
37 14 54 378
37 15 54 405
37 16 81 135
37 17 81 162
37 18 81 189
37 19 81 216
37 20 81 243
37 21 81 270
37 22 81 297
37 23 81 324
37 24 81 351
37 25 81 378
37 26 81 405
37 27 81 432
37 28 108 108
37 29 108 135
37 30 108 162
37 31 108 189
37 32 108 216
37 33 108 243
37 34 108 270
37 35 108 297
37 36 108 324
37 37 108 351
37 38 108 378
37 39 108 405
37 40 108 432
37 41 108 459
37 42 135 81
37 43 135 108
37 44 135 135
37 45 135 162
37 46 135 189
37 47 135 216
37 48 135 243
37 49 135 270
37 50 135 297
37 51 135 324
37 52 135 351
37 53 135 378
37 54 135 405
37 55 135 432
37 56 135 459
37 57 135 486
37 58 162 54
37 59 162 81
37 60 162 108
37 61 162 135
37 62 162 162
37 63 162 189
37 64 162 216
37 65 162 243
37 66 162 270
37 67 162 297
37 68 162 324
37 69 162 351
37 70 162 378
37 71 162 405
37 72 162 432
37 73 162 459
37 74 162 486
37 75 162 513
37 76 189 54
37 77 189 81
37 78 189 108
37 79 189 135
37 80 189 162
37 81 189 189
37 82 189 216
37 83 189 243
37 84 189 270
37 85 189 297
37 86 189 324
37 87 189 351
37 88 189 378
37 89 189 405
37 90 189 432
37 91 189 459
37 92 189 486
37 93 189 513
37 94 216 54
37 95 216 81
37 96 216 108
37 97 216 135
37 98 216 162
37 99 216 189
37 100 216 216
37 101 216 243
37 102 216 270
37 103 216 297
37 104 216 324
37 105 216 351
37 106 216 378
37 107 216 405
37 108 216 432
37 109 216 459
37 110 216 486
37 111 216 513
37 112 243 54
37 113 243 81
37 114 243 108
37 115 243 135
37 116 243 162
37 117 243 189
37 118 243 216
37 119 243 243
37 120 243 270
37 121 243 297
37 122 243 324
37 123 243 351
37 124 243 378
37 125 243 405
37 126 243 432
37 127 243 459
37 128 243 486
37 129 243 513
37 130 270 54
37 131 270 81
37 132 270 108
37 133 270 135
37 134 270 162
37 135 270 189
37 136 270 216
37 137 270 243
37 138 270 270
37 139 270 297
37 140 270 324
37 141 270 351
37 142 270 378
37 143 270 405
37 144 270 432
37 145 270 459
37 146 270 486
37 147 270 513
37 148 297 54
37 149 297 81
37 150 297 108
37 151 297 135
37 152 297 162
37 153 297 189
37 154 297 216
37 155 297 243
37 156 297 270
37 157 297 297
37 158 297 324
37 159 297 351
37 160 297 378
37 161 297 405
37 162 297 432
37 163 297 459
37 164 297 486
37 165 297 513
37 166 324 54
37 167 324 81
37 168 324 108
37 169 324 135
37 170 324 162
37 171 324 189
37 172 324 216
37 173 324 243
37 174 324 270
37 175 324 297
37 176 324 324
37 177 324 351
37 178 324 378
37 179 324 405
37 180 324 432
37 181 324 459
37 182 324 486
37 183 324 513
37 184 351 54
37 185 351 81
37 186 351 108
37 187 351 135
37 188 351 162
37 189 351 189
37 190 351 216
37 191 351 243
37 192 351 270
37 193 351 297
37 194 351 324
37 195 351 351
37 196 351 378
37 197 351 405
37 198 351 432
37 199 351 459
37 200 351 486
37 201 351 513
37 202 378 81
37 203 378 108
37 204 378 135
37 205 378 162
37 206 378 189
37 207 378 216
37 208 378 243
37 209 378 270
37 210 378 297
37 211 378 324
37 212 378 351
37 213 378 378
37 214 378 405
37 215 378 432
37 216 378 459
37 217 378 486
37 218 405 81
37 219 405 108
37 220 405 135
37 221 405 162
37 222 405 189
37 223 405 216
37 224 405 243
37 225 405 270
37 226 405 297
37 227 405 324
37 228 405 351
37 229 405 378
37 230 405 405
37 231 405 432
37 232 405 459
37 233 405 486
37 234 432 108
37 235 432 135
37 236 432 162
37 237 432 189
37 238 432 216
37 239 432 243
37 240 432 270
37 241 432 297
37 242 432 324
37 243 432 351
37 244 432 378
37 245 432 405
37 246 432 432
37 247 432 459
37 248 459 135
37 249 459 162
37 250 459 189
37 251 459 216
37 252 459 243
37 253 459 270
37 254 459 297
37 255 459 324
37 256 459 351
37 257 459 378
37 258 459 405
37 259 459 432
37 260 486 189
37 261 486 216
37 262 486 243
37 263 486 270
37 264 486 297
37 265 486 324
37 266 486 351
37 267 486 378
37 268 513 270
37 269 513 297
37 270 513 324
38 0 27 216
38 1 27 243
38 2 27 270
38 3 27 297
38 4 27 324
38 5 27 351
38 6 54 162
38 7 54 189
38 8 54 216
38 9 54 243
38 10 54 270
38 11 54 297
38 12 54 324
38 13 54 351
38 14 54 378
38 15 54 405
38 16 81 135
38 17 81 162
38 18 81 189
38 19 81 216
38 20 81 243
38 21 81 270
38 22 81 297
38 23 81 324
38 24 81 351
38 25 81 378
38 26 81 405
38 27 81 432
38 28 108 108
38 29 108 135
38 30 108 162
38 31 108 189
38 32 108 216
38 33 108 243
38 34 108 270
38 35 108 297
38 36 108 324
38 37 108 351
38 38 108 378
38 39 108 405
38 40 108 432
38 41 108 459
38 42 135 81
38 43 135 108
38 44 135 135
38 45 135 162
38 46 135 189
38 47 135 216
38 48 135 243
38 49 135 270
38 50 135 297
38 51 135 324
38 52 135 351
38 53 135 378
38 54 135 405
38 55 135 432
38 56 135 459
38 57 135 486
38 58 162 81
38 59 162 108
38 60 162 135
38 61 162 162
38 62 162 189
38 63 162 216
38 64 162 243
38 65 162 270
38 66 162 297
38 67 162 324
38 68 162 351
38 69 162 378
38 70 162 405
38 71 162 432
38 72 162 459
38 73 162 486
38 74 162 513
38 75 189 54
38 76 189 81
38 77 189 108
38 78 189 135
38 79 189 162
38 80 189 189
38 81 189 216
38 82 189 243
38 83 189 270
38 84 189 297
38 85 189 324
38 86 189 351
38 87 189 378
38 88 189 405
38 89 189 432
38 90 189 459
38 91 189 486
38 92 189 513
38 93 216 54
38 94 216 81
38 95 216 108
38 96 216 135
38 97 216 162
38 98 216 189
38 99 216 216
38 100 216 243
38 101 216 270
38 102 216 297
38 103 216 324
38 104 216 351
38 105 216 378
38 106 216 405
38 107 216 432
38 108 216 459
38 109 216 486
38 110 216 513
38 111 243 54
38 112 243 81
38 113 243 108
38 114 243 135
38 115 243 162
38 116 243 189
38 117 243 216
38 118 243 243
38 119 243 270
38 120 243 297
38 121 243 324
38 122 243 351
38 123 243 378
38 124 243 405
38 125 243 432
38 126 243 459
38 127 243 486
38 128 243 513
38 129 270 54
38 130 270 81
38 131 270 108
38 132 270 135
38 133 270 162
38 134 270 189
38 135 270 216
38 136 270 243
38 137 270 270
38 138 270 297
38 139 270 324
38 140 270 351
38 141 270 378
38 142 270 405
38 143 270 432
38 144 270 459
38 145 270 486
38 146 270 513
38 147 270 540
38 148 297 54
38 149 297 81
38 150 297 108
38 151 297 135
38 152 297 162
38 153 297 189
38 154 297 216
38 155 297 243
38 156 297 270
38 157 297 297
38 158 297 324
38 159 297 351
38 160 297 378
38 161 297 405
38 162 297 432
38 163 297 459
38 164 297 486
38 165 297 513
38 166 324 54
38 167 324 81
38 168 324 108
38 169 324 135
38 170 324 162
38 171 324 189
38 172 324 216
38 173 324 243
38 174 324 270
38 175 324 297
38 176 324 324
38 177 324 351
38 178 324 378
38 179 324 405
38 180 324 432
38 181 324 459
38 182 324 486
38 183 324 513
38 184 351 54
38 185 351 81
38 186 351 108
38 187 351 135
38 188 351 162
38 189 351 189
38 190 351 216
38 191 351 243
38 192 351 270
38 193 351 297
38 194 351 324
38 195 351 351
38 196 351 378
38 197 351 405
38 198 351 432
38 199 351 459
38 200 351 486
38 201 351 513
38 202 378 81
38 203 378 108
38 204 378 135
38 205 378 162
38 206 378 189
38 207 378 216
38 208 378 243
38 209 378 270
38 210 378 297
38 211 378 324
38 212 378 351
38 213 378 378
38 214 378 405
38 215 378 432
38 216 378 459
38 217 378 486
38 218 405 81
38 219 405 108
38 220 405 135
38 221 405 162
38 222 405 189
38 223 405 216
38 224 405 243
38 225 405 270
38 226 405 297
38 227 405 324
38 228 405 351
38 229 405 378
38 230 405 405
38 231 405 432
38 232 405 459
38 233 405 486
38 234 432 108
38 235 432 135
38 236 432 162
38 237 432 189
38 238 432 216
38 239 432 243
38 240 432 270
38 241 432 297
38 242 432 324
38 243 432 351
38 244 432 378
38 245 432 405
38 246 432 432
38 247 432 459
38 248 459 135
38 249 459 162
38 250 459 189
38 251 459 216
38 252 459 243
38 253 459 270
38 254 459 297
38 255 459 324
38 256 459 351
38 257 459 378
38 258 459 405
38 259 459 432
38 260 486 189
38 261 486 216
38 262 486 243
38 263 486 270
38 264 486 297
38 265 486 324
38 266 486 351
38 267 486 378
38 268 486 405
38 269 513 243
38 270 513 270
38 271 513 297
38 272 513 324
39 0 27 216
39 1 27 243
39 2 27 270
39 3 27 297
39 4 27 324
39 5 27 351
39 6 54 162
39 7 54 189
39 8 54 216
39 9 54 243
39 10 54 270
39 11 54 297
39 12 54 324
39 13 54 351
39 14 54 378
39 15 54 405
39 16 81 135
39 17 81 162
39 18 81 189
39 19 81 216
39 20 81 243
39 21 81 270
39 22 81 297
39 23 81 324
39 24 81 351
39 25 81 378
39 26 81 405
39 27 81 432
39 28 108 108
39 29 108 135
39 30 108 162
39 31 108 189
39 32 108 216
39 33 108 243
39 34 108 270
39 35 108 297
39 36 108 324
39 37 108 351
39 38 108 378
39 39 108 405
39 40 108 432
39 41 108 459
39 42 135 81
39 43 135 108
39 44 135 135
39 45 135 162
39 46 135 189
39 47 135 216
39 48 135 243
39 49 135 270
39 50 135 297
39 51 135 324
39 52 135 351
39 53 135 378
39 54 135 405
39 55 135 432
39 56 135 459
39 57 135 486
39 58 162 81
39 59 162 108
39 60 162 135
39 61 162 162
39 62 162 189
39 63 162 216
39 64 162 243
39 65 162 270
39 66 162 297
39 67 162 324
39 68 162 351
39 69 162 378
39 70 162 405
39 71 162 432
39 72 162 459
39 73 162 486
39 74 162 513
39 75 189 54
39 76 189 81
39 77 189 108
39 78 189 135
39 79 189 162
39 80 189 189
39 81 189 216
39 82 189 243
39 83 189 270
39 84 189 297
39 85 189 324
39 86 189 351
39 87 189 378
39 88 189 405
39 89 189 432
39 90 189 459
39 91 189 486
39 92 189 513
39 93 216 54
39 94 216 81
39 95 216 108
39 96 216 135
39 97 216 162
39 98 216 189
39 99 216 216
39 100 216 243
39 101 216 270
39 102 216 297
39 103 216 324
39 104 216 351
39 105 216 378
39 106 216 405
39 107 216 432
39 108 216 459
39 109 216 486
39 110 216 513
39 111 243 54
39 112 243 81
39 113 243 108
39 114 243 135
39 115 243 162
39 116 243 189
39 117 243 216
39 118 243 243
39 119 243 270
39 120 243 297
39 121 243 324
39 122 243 351
39 123 243 378
39 124 243 405
39 125 243 432
39 126 243 459
39 127 243 486
39 128 243 513
39 129 270 54
39 130 270 81
39 131 270 108
39 132 270 135
39 133 270 162
39 134 270 189
39 135 270 216
39 136 270 243
39 137 270 270
39 138 270 297
39 139 270 324
39 140 270 351
39 141 270 378
39 142 270 405
39 143 270 432
39 144 270 459
39 145 270 486
39 146 270 513
39 147 270 540
39 148 297 54
39 149 297 81
39 150 297 108
39 151 297 135
39 152 297 162
39 153 297 189
39 154 297 216
39 155 297 243
39 156 297 270
39 157 297 297
39 158 297 324
39 159 297 351
39 160 297 378
39 161 297 405
39 162 297 432
39 163 297 459
39 164 297 486
39 165 297 513
39 166 324 54
39 167 324 81
39 168 324 108
39 169 324 135
39 170 324 162
39 171 324 189
39 172 324 216
39 173 324 243
39 174 324 270
39 175 324 297
39 176 324 324
39 177 324 351
39 178 324 378
39 179 324 405
39 180 324 432
39 181 324 459
39 182 324 486
39 183 324 513
39 184 351 54
39 185 351 81
39 186 351 108
39 187 351 135
39 188 351 162
39 189 351 189
39 190 351 216
39 191 351 243
39 192 351 270
39 193 351 297
39 194 351 324
39 195 351 351
39 196 351 378
39 197 351 405
39 198 351 432
39 199 351 459
39 200 351 486
39 201 351 513
39 202 378 81
39 203 378 108
39 204 378 135
39 205 378 162
39 206 378 189
39 207 378 216
39 208 378 243
39 209 378 270
39 210 378 297
39 211 378 324
39 212 378 351
39 213 378 378
39 214 378 405
39 215 378 432
39 216 378 459
39 217 378 486
39 218 405 81
39 219 405 108
39 220 405 135
39 221 405 162
39 222 405 189
39 223 405 216
39 224 405 243
39 225 405 270
39 226 405 297
39 227 405 324
39 228 405 351
39 229 405 378
39 230 405 405
39 231 405 432
39 232 405 459
39 233 405 486
39 234 432 108
39 235 432 135
39 236 432 162
39 237 432 189
39 238 432 216
39 239 432 243
39 240 432 270
39 241 432 297
39 242 432 324
39 243 432 351
39 244 432 378
39 245 432 405
39 246 432 432
39 247 432 459
39 248 459 135
39 249 459 162
39 250 459 189
39 251 459 216
39 252 459 243
39 253 459 270
39 254 459 297
39 255 459 324
39 256 459 351
39 257 459 378
39 258 459 405
39 259 459 432
39 260 486 189
39 261 486 216
39 262 486 243
39 263 486 270
39 264 486 297
39 265 486 324
39 266 486 351
39 267 486 378
39 268 486 405
39 269 513 243
39 270 513 270
39 271 513 297
39 272 513 324
40 0 27 216
40 1 27 243
40 2 27 270
40 3 27 297
40 4 27 324
40 5 27 351
40 6 54 162
40 7 54 189
40 8 54 216
40 9 54 243
40 10 54 270
40 11 54 297
40 12 54 324
40 13 54 351
40 14 54 378
40 15 54 405
40 16 81 135
40 17 81 162
40 18 81 189
40 19 81 216
40 20 81 243
40 21 81 270
40 22 81 297
40 23 81 324
40 24 81 351
40 25 81 378
40 26 81 405
40 27 81 432
40 28 108 108
40 29 108 135
40 30 108 162
40 31 108 189
40 32 108 216
40 33 108 243
40 34 108 270
40 35 108 297
40 36 108 324
40 37 108 351
40 38 108 378
40 39 108 405
40 40 108 432
40 41 108 459
40 42 135 81
40 43 135 108
40 44 135 135
40 45 135 162
40 46 135 189
40 47 135 216
40 48 135 243
40 49 135 270
40 50 135 297
40 51 135 324
40 52 135 351
40 53 135 378
40 54 135 405
40 55 135 432
40 56 135 459
40 57 135 486
40 58 162 81
40 59 162 108
40 60 162 135
40 61 162 162
40 62 162 189
40 63 162 216
40 64 162 243
40 65 162 270
40 66 162 297
40 67 162 324
40 68 162 351
40 69 162 378
40 70 162 405
40 71 162 432
40 72 162 459
40 73 162 486
40 74 162 513
40 75 189 54
40 76 189 81
40 77 189 108
40 78 189 135
40 79 189 162
40 80 189 189
40 81 189 216
40 82 189 243
40 83 189 270
40 84 189 297
40 85 189 324
40 86 189 351
40 87 189 378
40 88 189 405
40 89 189 432
40 90 189 459
40 91 189 486
40 92 189 513
40 93 216 54
40 94 216 81
40 95 216 108
40 96 216 135
40 97 216 162
40 98 216 189
40 99 216 216
40 100 216 243
40 101 216 270
40 102 216 297
40 103 216 324
40 104 216 351
40 105 216 378
40 106 216 405
40 107 216 432
40 108 216 459
40 109 216 486
40 110 216 513
40 111 243 54
40 112 243 81
40 113 243 108
40 114 243 135
40 115 243 162
40 116 243 189
40 117 243 216
40 118 243 243
40 119 243 270
40 120 243 297
40 121 243 324
40 122 243 351
40 123 243 378
40 124 243 405
40 125 243 432
40 126 243 459
40 127 243 486
40 128 243 513
40 129 270 54
40 130 270 81
40 131 270 108
40 132 270 135
40 133 270 162
40 134 270 189
40 135 270 216
40 136 270 243
40 137 270 270
40 138 270 297
40 139 270 324
40 140 270 351
40 141 270 378
40 142 270 405
40 143 270 432
40 144 270 459
40 145 270 486
40 146 270 513
40 147 270 540
40 148 297 54
40 149 297 81
40 150 297 108
40 151 297 135
40 152 297 162
40 153 297 189
40 154 297 216
40 155 297 243
40 156 297 270
40 157 297 297
40 158 297 324
40 159 297 351
40 160 297 378
40 161 297 405
40 162 297 432
40 163 297 459
40 164 297 486
40 165 297 513
40 166 324 54
40 167 324 81
40 168 324 108
40 169 324 135
40 170 324 162
40 171 324 189
40 172 324 216
40 173 324 243
40 174 324 270
40 175 324 297
40 176 324 324
40 177 324 351
40 178 324 378
40 179 324 405
40 180 324 432
40 181 324 459
40 182 324 486
40 183 324 513
40 184 351 54
40 185 351 81
40 186 351 108
40 187 351 135
40 188 351 162
40 189 351 189
40 190 351 216
40 191 351 243
40 192 351 270
40 193 351 297
40 194 351 324
40 195 351 351
40 196 351 378
40 197 351 405
40 198 351 432
40 199 351 459
40 200 351 486
40 201 351 513
40 202 378 81
40 203 378 108
40 204 378 135
40 205 378 162
40 206 378 189
40 207 378 216
40 208 378 243
40 209 378 270
40 210 378 297
40 211 378 324
40 212 378 351
40 213 378 378
40 214 378 405
40 215 378 432
40 216 378 459
40 217 378 486
40 218 405 81
40 219 405 108
40 220 405 135
40 221 405 162
40 222 405 189
40 223 405 216
40 224 405 243
40 225 405 270
40 226 405 297
40 227 405 324
40 228 405 351
40 229 405 378
40 230 405 405
40 231 405 432
40 232 405 459
40 233 405 486
40 234 432 108
40 235 432 135
40 236 432 162
40 237 432 189
40 238 432 216
40 239 432 243
40 240 432 270
40 241 432 297
40 242 432 324
40 243 432 351
40 244 432 378
40 245 432 405
40 246 432 432
40 247 432 459
40 248 459 135
40 249 459 162
40 250 459 189
40 251 459 216
40 252 459 243
40 253 459 270
40 254 459 297
40 255 459 324
40 256 459 351
40 257 459 378
40 258 459 405
40 259 459 432
40 260 486 189
40 261 486 216
40 262 486 243
40 263 486 270
40 264 486 297
40 265 486 324
40 266 486 351
40 267 486 378
40 268 486 405
40 269 513 243
40 270 513 270
40 271 513 297
40 272 513 324
